$hessian                                                                        
        0.4999645875  -0.0372133716  -0.0245551825  -0.1121950256  -0.0613941861
        0.0066815670   0.0002203026  -0.0016646268   0.0004212640  -0.0010403112
        0.0029779394  -0.0018052138   0.0086049820   0.0090798654  -0.0002200069
        0.0000323941   0.0000526634  -0.0000170621   0.0000166648  -0.0001054997
        0.0001063923  -0.0939700449  -0.0087365058  -0.0509453644  -0.0103747728
       -0.0137566385  -0.0010466448  -0.0160194208  -0.0193060624   0.0044429278
       -0.0134818918   0.0042407104  -0.0166604078  -0.0105467349  -0.0050963076
       -0.0171861321   0.0082685671   0.0022273864   0.0142461421  -0.0007648919
        0.0040045818  -0.0008897223   0.0008051280   0.0009744634  -0.0004176946
       -0.1170313748   0.1058113572  -0.0203713464  -0.1430028781   0.0179774731
        0.1096597566   0.0005643626   0.0000201255  -0.0018478945  -0.0001186956
       -0.0001378665  -0.0000954548  -0.0001124574  -0.0000794514   0.0004603517
        0.0000839033   0.0000045389   0.0000119162   0.0000760016   0.0001021784
       -0.0000203751   0.0000216063   0.0000172333   0.0000481844
       -0.0372133716   0.4995814204  -0.0084504614  -0.0630076036  -0.1501765563
        0.0058672126  -0.0013353470   0.0020260855  -0.0012706364   0.0033003771
       -0.0035342211   0.0026033354  -0.0097339138  -0.0309262532   0.0038308851
        0.0000706360  -0.0000919896   0.0002696462  -0.0001049817   0.0003556106
       -0.0001989059  -0.0069904853  -0.0675856265  -0.0144994116  -0.0055804526
       -0.0059994084  -0.0011865712  -0.0020142803  -0.0003146691   0.0016724663
        0.0125201311   0.0013206249   0.0196377629  -0.0132975319  -0.0049454041
       -0.0212891252  -0.0018602060   0.0001719771  -0.0040657738   0.0026778315
       -0.0045414039   0.0015125305  -0.0009191505   0.0008114463   0.0001967430
        0.1056541108  -0.1898074996   0.0317349734   0.0177214405  -0.0466601202
       -0.0168695881  -0.0000031928   0.0001300394   0.0007844284  -0.0001039937
       -0.0000759316   0.0000970783   0.0000913382   0.0001571733  -0.0002443153
        0.0000792879   0.0000154892  -0.0000340369   0.0000174011   0.0000555257
       -0.0000124629   0.0000319564   0.0000336913  -0.0000857737
       -0.0245551825  -0.0084504614   0.4850613933   0.0065937696   0.0065089285
       -0.0674687063   0.0003539479  -0.0013402523   0.0001214079  -0.0005515875
        0.0011179033   0.0003487568   0.0027344616   0.0060220343   0.0001235650
        0.0001725346   0.0002321397  -0.0002059794   0.0001729746  -0.0002953107
        0.0001553716  -0.0527592016  -0.0158976694  -0.1672324404  -0.0166183189
       -0.0214869305  -0.0005612270   0.0150291604   0.0178420685  -0.0027899964
       -0.0094519259   0.0051096442  -0.0096051213  -0.0015348928  -0.0011551008
       -0.0015782780  -0.0090072094  -0.0028729047  -0.0255381871  -0.0004997684
        0.0013130093   0.0003827542  -0.0000656728  -0.0008496210   0.0003077765
       -0.0207320701   0.0321619525  -0.0496277635   0.1093183966  -0.0169994385
       -0.1629237380   0.0013928001  -0.0008521967   0.0004230549   0.0000359483
       -0.0003128727  -0.0003948506  -0.0001211345   0.0001114484   0.0008007146
       -0.0000015374   0.0000207544  -0.0000068390   0.0000477500   0.0001375022
        0.0000728214   0.0000467580  -0.0000646267   0.0001355108
       -0.1121950256  -0.0630076036   0.0065937696   0.4972906948  -0.0008241221
        0.0011397130  -0.0124458235   0.0125327775  -0.0096232047   0.0004372401
        0.0000229886   0.0001955635  -0.1089217228   0.0609669020  -0.0124537307
        0.0009015321  -0.0003056959   0.0008789557  -0.0013250686  -0.0000296650
       -0.0027848439  -0.0129194025  -0.0146030073  -0.0054755294  -0.0936002752
       -0.0136316447  -0.0929512188  -0.1431256026   0.0186705387   0.1103026634
        0.0006457577   0.0002493574   0.0016795898  -0.0013325539  -0.0007456612
       -0.0026580055   0.0009497286   0.0005364436   0.0006852992   0.0084850410
       -0.0126005013   0.0030969079  -0.0154057745   0.0188932939  -0.0016955895
        0.0084249481   0.0120978157  -0.0008077688  -0.0160070435  -0.0181756277
        0.0040825711   0.0002480465  -0.0000433862  -0.0002257515  -0.0000404222
       -0.0000408694  -0.0000386398  -0.0002387376   0.0000287028   0.0000008985
        0.0001005287  -0.0000082910   0.0000235182   0.0000408666   0.0000159352
        0.0000151539   0.0000330684   0.0000013201   0.0000196786
       -0.0613941861  -0.1501765563   0.0065089285  -0.0008241221   0.4502821652
        0.0148828650   0.0037210658   0.0004845345   0.0050538687   0.0000267926
        0.0000607772   0.0000001417   0.0595512896  -0.1493275391   0.0191187508
       -0.0004757134   0.0005329108  -0.0003134297  -0.0006689166   0.0011775647
       -0.0009051725  -0.0087113538  -0.0070835530  -0.0057551108  -0.0134957380
       -0.0442503604  -0.0261865281   0.0184012155  -0.0455600584  -0.0213921669
        0.0001687541  -0.0004635514   0.0003569641  -0.0004753961   0.0009254582
       -0.0008082494   0.0002284122   0.0003695321   0.0002962769   0.0135015441
       -0.0251852035   0.0056498311   0.0066273785  -0.0064226995  -0.0000761697
       -0.0142198477  -0.0254798382   0.0023977979  -0.0019638680  -0.0000992577
        0.0012071486  -0.0000366473   0.0000173449   0.0000151498   0.0000043266
       -0.0001587972  -0.0000081026   0.0000050215   0.0001485281   0.0000623979
       -0.0000002887   0.0000595735  -0.0000259557   0.0000221318   0.0001094804
       -0.0000174061   0.0000081455   0.0000395451  -0.0000618296
        0.0066815670   0.0058672126  -0.0674687063   0.0011397130   0.0148828650
        0.5432097434  -0.0176175475   0.0198179028  -0.0103472929   0.0002188620
        0.0000058650   0.0001124214  -0.0118686398   0.0197093551  -0.0715617530
       -0.0007267273   0.0008262665   0.0005383526  -0.0038749245   0.0000897971
       -0.0047588817  -0.0161347960  -0.0202338106  -0.0022103813  -0.0922718984
       -0.0262132610  -0.2178759384   0.1087344079  -0.0213881865  -0.1691943519
        0.0011755178   0.0003628895   0.0019067980  -0.0039747173  -0.0018163516
       -0.0044669932  -0.0008456779  -0.0007504035   0.0006309410  -0.0013781314
        0.0033668588  -0.0000175764   0.0129909990  -0.0168863591   0.0034102663
        0.0028922240   0.0047163910   0.0002875598   0.0148150260   0.0177179247
       -0.0023190945  -0.0001451564  -0.0000026188   0.0000742765  -0.0001752304
        0.0002513630   0.0002682525   0.0003118399  -0.0001888518  -0.0000700255
        0.0000558501  -0.0000323364  -0.0000406540  -0.0000125733  -0.0000726955
       -0.0000436929   0.0000100135  -0.0000298164  -0.0000632696
        0.0002203026  -0.0013353470   0.0003539479  -0.0124458235   0.0037210658
       -0.0176175475   0.4878568586  -0.0446954005  -0.0147533956  -0.0094241115
       -0.0138599094  -0.0023749051  -0.0939173368  -0.0083395353  -0.0517343341
       -0.1421312827   0.0241720233   0.1102282635  -0.1144894428   0.1005133178
       -0.0243993311   0.0071223434   0.0084102691   0.0009245045  -0.0016838620
        0.0032546875  -0.0014437777   0.0005611669  -0.0003918544  -0.0008496737
       -0.0991469888  -0.0608276959  -0.0065428289  -0.0007624372   0.0037505250
       -0.0008658324   0.0004068520   0.0003935886  -0.0002502348  -0.0104984520
       -0.0050967667  -0.0175811734   0.0084462999   0.0024725115   0.0157267340
        0.0000191209  -0.0000883913   0.0001060733   0.0000890506   0.0001132784
        0.0000331769  -0.0203508246  -0.0121747338   0.0104881359   0.0001390007
       -0.0002228368  -0.0005347036  -0.0000175199  -0.0000166635   0.0008452745
       -0.0000448618   0.0000481654   0.0000124775   0.0000435622   0.0002042147
        0.0001046095   0.0000083859  -0.0000045124   0.0001245403
       -0.0016646268   0.0020260855  -0.0013402523   0.0125327775   0.0004845345
        0.0198179028  -0.0446954005   0.4997388858   0.0042715050  -0.0061060328
       -0.0063553962  -0.0010806304  -0.0063041952  -0.0675800909  -0.0142559643
        0.0230743837  -0.0491911866  -0.0228725425   0.1026217831  -0.1850772674
        0.0355617645  -0.0087539379  -0.0280964118   0.0025372509   0.0036164828
       -0.0035548094   0.0023326859  -0.0002763306   0.0006286219   0.0006925042
       -0.0597010052  -0.1560687664  -0.0021531824   0.0022387072  -0.0040470836
        0.0014266683  -0.0005923097  -0.0000692786   0.0002606820  -0.0132108842
       -0.0049844579  -0.0214363310  -0.0019182727  -0.0000748374  -0.0049403564
       -0.0000518487   0.0003637634  -0.0001757844   0.0000177795  -0.0001829243
        0.0002701142  -0.0011434300   0.0019566438   0.0017633911  -0.0000046944
       -0.0003715005  -0.0000199617   0.0001739588   0.0003328828  -0.0004249333
        0.0000315512   0.0000093188  -0.0000938611   0.0000894690   0.0000828259
       -0.0000580108   0.0000260758   0.0000304489  -0.0000826586
        0.0004212640  -0.0012706364   0.0001214079  -0.0096232047   0.0050538687
       -0.0103472929  -0.0147533956   0.0042715050   0.4927807607  -0.0153772213
       -0.0218389749  -0.0020058781  -0.0511075832  -0.0156509815  -0.1670578317
        0.1099373851  -0.0235462056  -0.1664759432  -0.0251685481   0.0371159576
       -0.0524332655   0.0036251940   0.0066935873   0.0009597756  -0.0006304984
        0.0013109279   0.0003465080   0.0008863071  -0.0005599464   0.0010113785
       -0.0036773573   0.0031859427  -0.0615710729  -0.0006858571   0.0018666266
        0.0004290786   0.0001710664  -0.0001585581   0.0001399900  -0.0016300362
       -0.0015254280  -0.0018173216  -0.0090252917  -0.0039959187  -0.0272392003
        0.0001588402  -0.0001950113   0.0001448428  -0.0000207641   0.0001356151
       -0.0001674618   0.0151833446   0.0097765007  -0.0063416033  -0.0006582483
        0.0006058154   0.0010858150   0.0014904632  -0.0008348329  -0.0011597595
        0.0003800593  -0.0001790406  -0.0000734066   0.0000273569  -0.0002769765
       -0.0001466023   0.0000767251   0.0000161638  -0.0001829176
       -0.0010403112   0.0033003771  -0.0005515875   0.0004372401   0.0000267926
        0.0002188620  -0.0094241115  -0.0061060328  -0.0153772213   0.1005655149
        0.0147420716   0.0983559864  -0.0012339077  -0.0033829755   0.0004858934
       -0.0002771517  -0.0002155383  -0.0005690328   0.0002877759   0.0004231332
        0.0001670182  -0.0090831710   0.0014304194  -0.0159721479  -0.0000224455
        0.0000065290   0.0000552259  -0.0000214351   0.0000049985   0.0000353810
       -0.0767249007  -0.0135285674  -0.0887376203   0.0003406683  -0.0003600966
        0.0003274138  -0.0002347497   0.0001004007  -0.0007483856  -0.0006348205
       -0.0002530767  -0.0008661880  -0.0001783192   0.0000469438   0.0001692642
       -0.0006039009  -0.0000058046  -0.0008704142  -0.0001758637  -0.0000018561
        0.0001592660  -0.0028544395   0.0038210956   0.0236146882  -0.0004356912
        0.0003129674   0.0004030401   0.0011938523  -0.0001215985   0.0000226326
        0.0001753489  -0.0001020174  -0.0000930857  -0.0000473404  -0.0001011282
       -0.0000891159  -0.0000078409  -0.0000370366  -0.0001398729
        0.0029779394  -0.0035342211   0.0011179033   0.0000229886   0.0000607772
        0.0000058650  -0.0138599094  -0.0063553962  -0.0218389749   0.0147420716
        0.0568798062   0.0308745851  -0.0034669454  -0.0040845122   0.0003281088
        0.0001678252   0.0004384157  -0.0002641868   0.0001000922   0.0001950934
       -0.0004150261   0.0127214638   0.0003095516   0.0214953505   0.0000089714
       -0.0000150455   0.0000075914  -0.0000073968  -0.0001149064   0.0000151994
       -0.0142387487  -0.0442429121  -0.0280825107   0.0000006855   0.0004542014
        0.0003353993  -0.0001469634   0.0004486482   0.0003749574  -0.0009105783
       -0.0004441301  -0.0012244292   0.0000904222  -0.0000356476   0.0002777925
        0.0007966583  -0.0000995257   0.0011537600  -0.0000390241  -0.0001175092
       -0.0001748352   0.0010910134   0.0006895756  -0.0039851494   0.0000925348
        0.0002549891  -0.0000081862  -0.0000296455  -0.0004179876  -0.0000043510
       -0.0000405774  -0.0000519284   0.0000079133  -0.0000445950  -0.0001764903
       -0.0000337536  -0.0000282824  -0.0000408461   0.0000369768
       -0.0018052138   0.0026033354   0.0003487568   0.0001955635   0.0000001417
        0.0001124214  -0.0023749051  -0.0010806304  -0.0020058781   0.0983559864
        0.0308745851   0.2578929199  -0.0008429941  -0.0011177428   0.0010622866
       -0.0000534632   0.0002688048   0.0006240913   0.0003649535  -0.0002515834
        0.0001277435  -0.0065147224   0.0003902454  -0.0091397924   0.0000659540
        0.0000006669   0.0000380047  -0.0000569421   0.0000137740  -0.0000144269
       -0.0934858854  -0.0280118344  -0.2269919197   0.0004167578   0.0001462704
        0.0000046686   0.0000069726  -0.0002016591   0.0006144201  -0.0002863524
       -0.0000682380  -0.0003639741   0.0001462423   0.0000719336   0.0002119067
       -0.0005539421  -0.0000224772  -0.0007609668   0.0001595791   0.0000149919
        0.0002980169   0.0062121683  -0.0036879833  -0.0216964613  -0.0000628161
        0.0000116437   0.0001330729   0.0002135945   0.0000560907  -0.0003448271
       -0.0000311530   0.0000106154  -0.0000175122  -0.0000490940  -0.0000330187
       -0.0000442879  -0.0000202885   0.0000120683  -0.0000882630
        0.0086049820  -0.0097339138   0.0027344616  -0.1089217228   0.0595512896
       -0.0118686398  -0.0939173368  -0.0063041952  -0.0511075832  -0.0012339077
       -0.0034669454  -0.0008429941   0.5022610661   0.0286286077  -0.0355435052
        0.0082013269   0.0021151700   0.0147521261  -0.0100957735  -0.0000336090
       -0.0173654360   0.0003085244   0.0017649380  -0.0000982260  -0.0099547348
        0.0129465582  -0.0051299283  -0.0153685984   0.0199841777  -0.0017128213
       -0.0139028108  -0.0088330550  -0.0151440897   0.0000150756   0.0001303213
        0.0000614015   0.0000183961  -0.0000672758   0.0000127092  -0.1229169250
       -0.1093829450   0.0125314819  -0.1435090921   0.0185391545   0.1100467616
       -0.0009344533  -0.0042203476   0.0003672095   0.0007953193  -0.0010562694
       -0.0001052577   0.0004858049  -0.0006688381  -0.0017733847  -0.0001369514
        0.0001177396   0.0000472943   0.0000729785   0.0000308496   0.0000389514
        0.0000776983  -0.0000206613   0.0000233791   0.0000210026  -0.0000047788
        0.0000359817   0.0000301317  -0.0000159721   0.0000401079
        0.0090798654  -0.0309262532   0.0060220343   0.0609669020  -0.1493275391
        0.0197093551  -0.0083395353  -0.0675800909  -0.0156509815  -0.0033829755
       -0.0040845122  -0.0011177428   0.0286286077   0.5021540498   0.0037155369
       -0.0012619081  -0.0000670745  -0.0042804381   0.0123226792   0.0015943530
        0.0206007389   0.0014490775   0.0025052810   0.0005153787   0.0005493385
        0.0007047672   0.0007752987   0.0066823391  -0.0068385583  -0.0005128960
       -0.0146022905  -0.0062317188  -0.0201850503   0.0001583098   0.0004879807
        0.0001024224   0.0000039170  -0.0002417364  -0.0003001298  -0.1093754859
       -0.1903976115   0.0137132572   0.0186980578  -0.0484106283  -0.0224394249
       -0.0028166768  -0.0047358933   0.0001486348   0.0008720971   0.0009634362
       -0.0004031270   0.0004059860   0.0001740741  -0.0006881204   0.0001161537
       -0.0001951200  -0.0001831435  -0.0000959424   0.0002673583   0.0004006976
       -0.0000678612   0.0000675297   0.0000039905   0.0000149084   0.0001039387
        0.0000188642  -0.0000055635   0.0000139678   0.0000348449
       -0.0002200069   0.0038308851   0.0001235650  -0.0124537307   0.0191187508
       -0.0715617530  -0.0517343341  -0.0142559643  -0.1670578317   0.0004858934
        0.0003281088   0.0010622866  -0.0355435052   0.0037155369   0.4819053564
       -0.0094457598  -0.0048004582  -0.0254610471  -0.0054701785   0.0002477425
       -0.0083450070  -0.0000856074   0.0005621740  -0.0004093389  -0.0169412964
        0.0213938862  -0.0076793693   0.0131853874  -0.0170321620   0.0031255387
       -0.0055827008  -0.0059559689  -0.0015021647   0.0001385621   0.0001883722
        0.0000306642   0.0002142292  -0.0002162694  -0.0001174458   0.0120972340
        0.0132501121  -0.0438681308   0.1098741891  -0.0223019282  -0.1618706785
        0.0003312544   0.0003458151   0.0007502538  -0.0003224626   0.0006416948
        0.0001656786   0.0013787498   0.0008598568   0.0003177800  -0.0000591579
       -0.0000343541  -0.0001431841  -0.0000070602   0.0001714788   0.0005081144
        0.0000794058  -0.0000386528  -0.0000132503   0.0000566497   0.0000009981
       -0.0000111470   0.0000242456  -0.0000196543   0.0000511105
        0.0000323941   0.0000706360   0.0001725346   0.0009015321  -0.0004757134
       -0.0007267273  -0.1421312827   0.0230743837   0.1099373851  -0.0002771517
        0.0001678252  -0.0000534632   0.0082013269  -0.0012619081  -0.0094457598
        0.1693785249  -0.0223133185  -0.1265746845  -0.0148393830   0.0059357504
        0.0138759543   0.0003630377   0.0006566455  -0.0000498712  -0.0000402624
       -0.0000252704  -0.0000014934  -0.0001395094   0.0001171595  -0.0001602374
       -0.0165390396  -0.0038119473   0.0142742598   0.0000026291   0.0001884328
       -0.0002512233   0.0005799754  -0.0000679592  -0.0002035445   0.0006096793
        0.0000969618  -0.0001466672  -0.0006034002  -0.0002274393  -0.0028932338
       -0.0000591396  -0.0000186386  -0.0000586424  -0.0001563811  -0.0000065540
       -0.0000581784  -0.0036876268  -0.0026808836   0.0020352784   0.0000952166
       -0.0000541092   0.0003183904  -0.0014457283   0.0006874897   0.0000712089
       -0.0001928988   0.0000788632   0.0000401679  -0.0000265297  -0.0001522584
       -0.0000969951  -0.0000259829   0.0000218523  -0.0000044577
        0.0000526634  -0.0000919896   0.0002321397  -0.0003056959   0.0005329108
        0.0008262665   0.0241720233  -0.0491911866  -0.0235462056  -0.0002155383
        0.0004384157   0.0002688048   0.0021151700  -0.0000670745  -0.0048004582
       -0.0223133185   0.0577890338   0.0261437767   0.0196718651  -0.0050839303
       -0.0176745048  -0.0004231884  -0.0000259424   0.0002232129   0.0000624305
       -0.0001971961  -0.0000096300   0.0003321015   0.0001163050   0.0002879947
       -0.0171748212  -0.0004821782   0.0153866220   0.0001352034   0.0000990145
       -0.0001464501  -0.0000819915  -0.0016462908   0.0003254479   0.0001733440
       -0.0001079694  -0.0003545739  -0.0007403713   0.0005619098  -0.0008054398
       -0.0000423151  -0.0000663297  -0.0000099060   0.0000725642  -0.0000996818
       -0.0001269194  -0.0050284507  -0.0024494395   0.0026283414   0.0007586818
       -0.0007626072  -0.0016414535  -0.0005688930  -0.0000796238   0.0013635906
       -0.0005734843   0.0003004840   0.0002704272   0.0000336333   0.0005491329
        0.0003916540  -0.0001116126  -0.0000357668   0.0007672631
       -0.0000170621   0.0002696462  -0.0002059794   0.0008789557  -0.0003134297
        0.0005383526   0.1102282635  -0.0228725425  -0.1664759432  -0.0005690328
       -0.0002641868   0.0006240913   0.0147521261  -0.0042804381  -0.0254610471
       -0.1265746845   0.0261437767   0.1949280924  -0.0015707935  -0.0002014345
        0.0036700228  -0.0000433448  -0.0002830496   0.0001821645   0.0000691490
       -0.0001810126   0.0004228304  -0.0007739253   0.0004638999  -0.0000068190
        0.0059244291   0.0021520858  -0.0030181042  -0.0001593117  -0.0001380765
        0.0001192234  -0.0002347644   0.0003991966   0.0005681035   0.0003770391
       -0.0000101164   0.0006375335  -0.0024804081  -0.0010014867  -0.0054714124
       -0.0000296614  -0.0000430398  -0.0000042519  -0.0000909206  -0.0001418541
        0.0000561225   0.0004838335   0.0002491610   0.0003475722   0.0006108295
       -0.0005716125  -0.0009437697  -0.0003755740  -0.0000399847  -0.0009801773
       -0.0003550067   0.0002185518   0.0001168474  -0.0000062484   0.0004283371
        0.0002515926  -0.0000438871   0.0000176094   0.0001049551
        0.0000166648  -0.0001049817   0.0001729746  -0.0013250686  -0.0006689166
       -0.0038749245  -0.1144894428   0.1026217831  -0.0251685481   0.0002877759
        0.0001000922   0.0003649535  -0.0100957735   0.0123226792  -0.0054701785
       -0.0148393830   0.0196718651  -0.0015707935   0.1328670221  -0.1155789924
        0.0316465866  -0.0009854731  -0.0023928612   0.0000524809  -0.0006878960
        0.0009123073  -0.0005989432   0.0002711134  -0.0002894382  -0.0000601471
        0.0076117959  -0.0148440100   0.0039651122   0.0003426225  -0.0007834138
        0.0000185072   0.0000151757  -0.0001664527  -0.0001437427  -0.0003004181
        0.0000860924   0.0001384763   0.0004989048  -0.0000567839   0.0004338972
       -0.0000079066  -0.0000371078   0.0000207193  -0.0000362424  -0.0000331715
        0.0000074631   0.0010408569  -0.0007773759  -0.0003538930   0.0000149200
        0.0000241149  -0.0001195957  -0.0000742442  -0.0000870082   0.0003471100
       -0.0000767675   0.0000404367   0.0000344447  -0.0000162315   0.0000403991
        0.0000588115  -0.0000320046   0.0000007439   0.0000992290
       -0.0001054997   0.0003556106  -0.0002953107  -0.0000296650   0.0011775647
        0.0000897971   0.1005133178  -0.1850772674   0.0371159576   0.0004231332
        0.0001950934  -0.0002515834  -0.0000336090   0.0015943530   0.0002477425
        0.0059357504  -0.0050839303  -0.0002014345  -0.1155789924   0.2194597963
       -0.0427241852  -0.0038807442  -0.0043620034  -0.0003424200  -0.0000014729
       -0.0001354264   0.0000385821  -0.0001135133  -0.0000359150  -0.0000185020
        0.0129667554  -0.0273446071   0.0056689517   0.0006542567  -0.0016595102
        0.0004468175  -0.0002875487   0.0001822371   0.0001716410  -0.0000548674
        0.0004968491  -0.0001816829  -0.0001184583   0.0001505372   0.0001490881
       -0.0000455864   0.0000472849  -0.0000326039  -0.0000025135  -0.0000330476
       -0.0000112164  -0.0002974979   0.0001204100   0.0005150078   0.0000136588
        0.0000817676   0.0002168824  -0.0000094429   0.0000300377  -0.0005182592
        0.0000477711  -0.0000575276   0.0000036934  -0.0000199620  -0.0001122746
       -0.0000028278   0.0000247302   0.0000099679  -0.0000841354
        0.0001063923  -0.0001989059   0.0001553716  -0.0027848439  -0.0009051725
       -0.0047588817  -0.0243993311   0.0355617645  -0.0524332655   0.0001670182
       -0.0004150261   0.0001277435  -0.0173654360   0.0206007389  -0.0083450070
        0.0138759543  -0.0176745048   0.0036700228   0.0316465866  -0.0427241852
        0.0607999486   0.0003388379   0.0001335414   0.0009351126  -0.0010973993
        0.0012609783  -0.0005648679  -0.0000264120  -0.0001266716  -0.0000534235
        0.0000845510   0.0030189482  -0.0003282587  -0.0002039707   0.0001011444
        0.0000771075  -0.0001847368   0.0001117622   0.0000664128   0.0001202819
        0.0001069385   0.0005734862  -0.0000766365   0.0005024581   0.0003116352
        0.0000183863  -0.0000243260  -0.0000063601  -0.0000368886  -0.0000270881
       -0.0000599787  -0.0001185197   0.0005831060   0.0000611458   0.0001714866
       -0.0002699917  -0.0002109603  -0.0001854572   0.0002826174   0.0000571278
       -0.0000644112   0.0000453546  -0.0000272978   0.0000177672   0.0000506059
       -0.0000182293  -0.0000032193   0.0000059134  -0.0000285840
       -0.0939700449  -0.0069904853  -0.0527592016  -0.0129194025  -0.0087113538
       -0.0161347960   0.0071223434  -0.0087539379   0.0036251940  -0.0090831710
        0.0127214638  -0.0065147224   0.0003085244   0.0014490775  -0.0000856074
        0.0003630377  -0.0004231884  -0.0000433448  -0.0009854731  -0.0038807442
        0.0003388379   0.4852626412   0.0384418115  -0.0236960914  -0.0018429272
       -0.0035602425  -0.0004097499   0.0005716039   0.0001198289  -0.0009373033
       -0.0955519993   0.0541603329  -0.0245281591  -0.1189745412  -0.1042511553
        0.0067578870  -0.1376766711   0.0122357314   0.1071580986   0.0000156967
        0.0001413958   0.0000825707   0.0000759071  -0.0001230781   0.0000587895
       -0.0100769796  -0.0001877191  -0.0177948135   0.0084882369   0.0021904389
        0.0157555071  -0.0207541390   0.0157526881   0.0066731871   0.0003052218
       -0.0015132285  -0.0009468800  -0.0005193391   0.0007211898   0.0024846181
       -0.0002289021   0.0000448163   0.0000677066   0.0001900770   0.0003690722
        0.0000969212  -0.0001196999   0.0000472858   0.0007513517
       -0.0087365058  -0.0675856265  -0.0158976694  -0.0146030073  -0.0070835530
       -0.0202338106   0.0084102691  -0.0280964118   0.0066935873   0.0014304194
        0.0003095516   0.0003902454   0.0017649380   0.0025052810   0.0005621740
        0.0006566455  -0.0000259424  -0.0002830496  -0.0023928612  -0.0043620034
        0.0001335414   0.0384418115   0.4940873647  -0.0062372939  -0.0036780434
       -0.0040492167  -0.0008708658   0.0005268986   0.0005924454  -0.0005477992
        0.0543683750  -0.1506064518   0.0307306236  -0.1068413454  -0.1884796458
        0.0086493795   0.0123547099  -0.0468480334  -0.0163105437   0.0001250005
        0.0004426354   0.0000802654  -0.0000168485  -0.0002885292  -0.0002264302
        0.0123487756   0.0016407948   0.0207754184  -0.0010881612   0.0000335559
       -0.0041156959   0.0068718504  -0.0029773634  -0.0036602482  -0.0004257695
        0.0001760015   0.0006648670   0.0002084352   0.0002424747   0.0000089136
        0.0001932238   0.0000550947   0.0000016599   0.0000490378   0.0001156584
        0.0000013183   0.0000321521   0.0002019192  -0.0003085871
       -0.0509453644  -0.0144994116  -0.1672324404  -0.0054755294  -0.0057551108
       -0.0022103813   0.0009245045   0.0025372509   0.0009597756  -0.0159721479
        0.0214953505  -0.0091397924  -0.0000982260   0.0005153787  -0.0004093389
       -0.0000498712   0.0002232129   0.0001821645   0.0000524809  -0.0003424200
        0.0009351126  -0.0236960914  -0.0062372939   0.4948770732   0.0004808673
        0.0001163984   0.0009878377   0.0007704125   0.0006556252   0.0010117683
       -0.0220687186   0.0258040713  -0.0702562539   0.0064656269   0.0068964128
       -0.0435076077   0.1071980402  -0.0167980091  -0.1635718895   0.0001277553
        0.0000669834   0.0000332732  -0.0000046912  -0.0000890359  -0.0000641516
       -0.0056410770   0.0005069985  -0.0088640489  -0.0091666416  -0.0044987318
       -0.0277211921   0.0142303443  -0.0116480828  -0.0023937582  -0.0010127089
        0.0021966290   0.0015994578   0.0031683144  -0.0004734590  -0.0040129823
        0.0006086189  -0.0001906610  -0.0001576885  -0.0001295412  -0.0003970029
       -0.0001028145   0.0002336432  -0.0000850928  -0.0009421229
       -0.0103747728  -0.0055804526  -0.0166183189  -0.0936002752  -0.0134957380
       -0.0922718984  -0.0016838620   0.0036164828  -0.0006304984  -0.0000224455
        0.0000089714   0.0000659540  -0.0099547348   0.0005493385  -0.0169412964
       -0.0000402624   0.0000624305   0.0000691490  -0.0006878960  -0.0000014729
       -0.0010973993  -0.0018429272  -0.0036780434   0.0004808673   0.1092479665
        0.0162303766   0.1100301866   0.0086644420   0.0027282260   0.0182059644
        0.0003468929   0.0000212493   0.0002237401  -0.0007357394  -0.0003380932
       -0.0010771160  -0.0000596260  -0.0000435508   0.0001153145   0.0004872547
       -0.0002634399   0.0001853488  -0.0001106646  -0.0002573985  -0.0003057258
        0.0004869930   0.0003152050   0.0000754695  -0.0001182810   0.0001771023
       -0.0003688118  -0.0000134576  -0.0000168243  -0.0000052814  -0.0000143799
        0.0000779841   0.0001108790   0.0001009088  -0.0000826125  -0.0001958295
       -0.0000105346  -0.0000052815  -0.0000109579  -0.0000437222  -0.0000374037
       -0.0000067706  -0.0000208765   0.0000129445  -0.0000329689
       -0.0137566385  -0.0059994084  -0.0214869305  -0.0136316447  -0.0442503604
       -0.0262132610   0.0032546875  -0.0035548094   0.0013109279   0.0000065290
       -0.0000150455   0.0000006669   0.0129465582   0.0007047672   0.0213938862
       -0.0000252704  -0.0001971961  -0.0001810126   0.0009123073  -0.0001354264
        0.0012609783  -0.0035602425  -0.0040492167   0.0001163984   0.0162303766
        0.0561988582   0.0294003075  -0.0015474448   0.0003856821  -0.0046298735
        0.0000741905  -0.0001061714   0.0000042567  -0.0010461652  -0.0005119728
       -0.0012210597   0.0000070180  -0.0000906396   0.0003607893  -0.0000121638
        0.0004067172   0.0003673849  -0.0002389438   0.0005547684   0.0001499817
        0.0001242094   0.0001563380  -0.0004586763   0.0003015627   0.0005834555
       -0.0001485842  -0.0000488623  -0.0000890358   0.0000292779  -0.0000507815
        0.0000850232   0.0000893888   0.0000535126   0.0000023258  -0.0001315937
        0.0000229647  -0.0000295352   0.0000009275  -0.0000156765  -0.0000344962
       -0.0000060399  -0.0000000823  -0.0000146217  -0.0000081406
       -0.0010466448  -0.0011865712  -0.0005612270  -0.0929512188  -0.0261865281
       -0.2178759384  -0.0014437777   0.0023326859   0.0003465080   0.0000552259
        0.0000075914   0.0000380047  -0.0051299283   0.0007752987  -0.0076793693
       -0.0000014934  -0.0000096300   0.0004228304  -0.0005989432   0.0000385821
       -0.0005648679  -0.0004097499  -0.0008708658   0.0009878377   0.1100301866
        0.0294003075   0.2511236749  -0.0092818369  -0.0042691860  -0.0270917927
        0.0004754286   0.0000080787   0.0000094698  -0.0003076235  -0.0000413305
       -0.0001501992  -0.0000314407   0.0001669016   0.0003602637   0.0002629266
        0.0001734569  -0.0001195988   0.0001562301  -0.0002648843   0.0005274822
        0.0002315935  -0.0002824496   0.0000578143   0.0000826243   0.0002594677
        0.0004808379  -0.0001836403   0.0000109004   0.0000525944  -0.0000963412
        0.0001359510   0.0002405105   0.0001015515  -0.0000895403  -0.0004372010
        0.0000800126  -0.0000425267  -0.0000170215  -0.0000087740  -0.0000823556
       -0.0000382556   0.0000156330   0.0000166464  -0.0001123569
       -0.0160194208  -0.0020142803   0.0150291604  -0.1431256026   0.0184012155
        0.1087344079   0.0005611669  -0.0002763306   0.0008863071  -0.0000214351
       -0.0000073968  -0.0000569421  -0.0153685984   0.0066823391   0.0131853874
       -0.0001395094   0.0003321015  -0.0007739253   0.0002711134  -0.0001135133
       -0.0000264120   0.0005716039   0.0005268986   0.0007704125   0.0086644420
       -0.0015474448  -0.0092818369   0.1690047867  -0.0216269904  -0.1289158369
       -0.0004841652   0.0000433808   0.0000779665   0.0002690992   0.0000983591
       -0.0000565015  -0.0001928464  -0.0005532466  -0.0006430443   0.0006469671
       -0.0003616473  -0.0000160158  -0.0023335993   0.0038914949  -0.0003476375
        0.0006264977   0.0003132515  -0.0001062085  -0.0025576130  -0.0038561847
        0.0008569892  -0.0004266167  -0.0000184884   0.0000330293   0.0002943636
       -0.0002615956  -0.0004617848   0.0000462833   0.0001372048   0.0008224883
       -0.0002141384   0.0001047139   0.0000606880  -0.0000253207   0.0001190486
        0.0000618564  -0.0000474578  -0.0000128895   0.0001674526
       -0.0193060624  -0.0003146691   0.0178420685   0.0186705387  -0.0455600584
       -0.0213881865  -0.0003918544   0.0006286219  -0.0005599464   0.0000049985
       -0.0001149064   0.0000137740   0.0199841777  -0.0068385583  -0.0170321620
        0.0001171595   0.0001163050   0.0004638999  -0.0002894382  -0.0000359150
       -0.0001266716   0.0001198289   0.0005924454   0.0006556252   0.0027282260
        0.0003856821  -0.0042691860  -0.0216269904   0.0589443157   0.0232457168
       -0.0000032595   0.0000707819  -0.0000197477   0.0002611756   0.0000114796
        0.0001253240  -0.0001521462  -0.0000913170  -0.0004073149   0.0001217455
        0.0002781948  -0.0005622028   0.0038618922  -0.0041789632   0.0008441456
       -0.0001989240   0.0005345301   0.0004478778  -0.0039496888  -0.0039195779
        0.0006315629   0.0000438297  -0.0000480616  -0.0000246185  -0.0000679920
        0.0001712914  -0.0000731980   0.0000088596  -0.0004702226   0.0001292623
        0.0000671784  -0.0000375113  -0.0000077454  -0.0000243861  -0.0000678484
       -0.0000088443   0.0000211317  -0.0000560388   0.0000805672
        0.0044429278   0.0016724663  -0.0027899964   0.1103026634  -0.0213921669
       -0.1691943519  -0.0008496737   0.0006925042   0.0010113785   0.0000353810
        0.0000151994  -0.0000144269  -0.0017128213  -0.0005128960   0.0031255387
       -0.0001602374   0.0002879947  -0.0000068190  -0.0000601471  -0.0000185020
       -0.0000534235  -0.0009373033  -0.0005477992   0.0010117683   0.0182059644
       -0.0046298735  -0.0270917927  -0.1289158369   0.0232457168   0.1926584099
       -0.0001256688  -0.0000240315   0.0000117577  -0.0001386101   0.0000031677
       -0.0000919282  -0.0001261131  -0.0002563769   0.0002109577  -0.0001689370
       -0.0003340948   0.0001719927  -0.0006953728   0.0004685352   0.0006104259
       -0.0001075158   0.0002186689  -0.0000734446   0.0005378051   0.0009975772
        0.0005521740   0.0003457247  -0.0000112047  -0.0002565101   0.0000203623
       -0.0002216237  -0.0003065613   0.0001477186   0.0001437144   0.0002416611
       -0.0000571513   0.0000411715   0.0000426964   0.0000342446   0.0001335955
        0.0000925196  -0.0000174034   0.0000282576   0.0001379741
       -0.0134818918   0.0125201311  -0.0094519259   0.0006457577   0.0001687541
        0.0011755178  -0.0991469888  -0.0597010052  -0.0036773573  -0.0767249007
       -0.0142387487  -0.0934858854  -0.0139028108  -0.0146022905  -0.0055827008
       -0.0165390396  -0.0171748212   0.0059244291   0.0076117959   0.0129667554
        0.0000845510  -0.0955519993   0.0543683750  -0.0220687186   0.0003468929
        0.0000741905   0.0004754286  -0.0004841652  -0.0000032595  -0.0001256688
        0.3574473060   0.0180758876   0.1079103123   0.0076222493  -0.0133115203
        0.0042720864  -0.0166116629   0.0180104685   0.0019094215  -0.0014233140
       -0.0006998593  -0.0030180044   0.0006183093   0.0003881132   0.0013744531
       -0.0014156164  -0.0001615502  -0.0031408742   0.0006640113   0.0000252632
        0.0014503734  -0.0396400160   0.0031654918   0.0182082329  -0.0003609369
        0.0007329159   0.0008966786   0.0003474916  -0.0002506992  -0.0025117368
        0.0001719436  -0.0001101330  -0.0000411786  -0.0001578744  -0.0003475787
       -0.0000626872  -0.0000345407   0.0001051195  -0.0005147466
        0.0042407104   0.0013206249   0.0051096442   0.0002493574  -0.0004635514
        0.0003628895  -0.0608276959  -0.1560687664   0.0031859427  -0.0135285674
       -0.0442429121  -0.0280118344  -0.0088330550  -0.0062317188  -0.0059559689
       -0.0038119473  -0.0004821782   0.0021520858  -0.0148440100  -0.0273446071
        0.0030189482   0.0541603329  -0.1506064518   0.0258040713   0.0000212493
       -0.0001061714   0.0000080787   0.0000433808   0.0000707819  -0.0000240315
        0.0180758876   0.4370704036  -0.0036088907   0.0145415858  -0.0275554549
        0.0054183782   0.0089457581  -0.0061294952  -0.0025823816  -0.0004549875
        0.0006888159  -0.0010759713   0.0004855413   0.0003479154   0.0002581336
       -0.0005413762   0.0010015143  -0.0006073897  -0.0005326657   0.0004631955
       -0.0005145780   0.0028766633  -0.0202557769  -0.0038113372   0.0003424378
       -0.0005500733  -0.0007225353  -0.0005613629  -0.0010790982   0.0013187953
       -0.0001143213   0.0000831365  -0.0000007760   0.0000437282   0.0001231345
        0.0000020578   0.0000233563  -0.0000532670   0.0002766690
       -0.0166604078   0.0196377629  -0.0096051213   0.0016795898   0.0003569641
        0.0019067980  -0.0065428289  -0.0021531824  -0.0615710729  -0.0887376203
       -0.0280825107  -0.2269919197  -0.0151440897  -0.0201850503  -0.0015021647
        0.0142742598   0.0153866220  -0.0030181042   0.0039651122   0.0056689517
       -0.0003282587  -0.0245281591   0.0307306236  -0.0702562539   0.0002237401
        0.0000042567   0.0000094698   0.0000779665  -0.0000197477   0.0000117577
        0.1079103123  -0.0036088907   0.4238167792  -0.0005853773   0.0028858491
       -0.0003097202   0.0118916879  -0.0144927298   0.0022291748  -0.0034702166
       -0.0016735644  -0.0046086785  -0.0000343232  -0.0007616722  -0.0001502537
       -0.0034755128  -0.0000156838  -0.0049227821   0.0000920110   0.0006041323
       -0.0002403771   0.0191165860  -0.0042686585  -0.0441361275   0.0003340367
        0.0001237747   0.0001592120  -0.0005437497  -0.0000957023  -0.0004087082
       -0.0000142985  -0.0000193915  -0.0000491493   0.0000692263  -0.0000471153
        0.0000228761   0.0001020553   0.0000249624  -0.0000573755
       -0.0105467349  -0.0132975319  -0.0015348928  -0.0013325539  -0.0004753961
       -0.0039747173  -0.0007624372   0.0022387072  -0.0006858571   0.0003406683
        0.0000006855   0.0004167578   0.0000150756   0.0001583098   0.0001385621
        0.0000026291   0.0001352034  -0.0001593117   0.0003426225   0.0006542567
       -0.0002039707  -0.1189745412  -0.1068413454   0.0064656269  -0.0007357394
       -0.0010461652  -0.0003076235   0.0002690992   0.0002611756  -0.0001386101
        0.0076222493   0.0145415858  -0.0005853773   0.1378672002   0.1214480672
       -0.0041655542  -0.0150870409  -0.0186120416   0.0041826988  -0.0000259797
        0.0000340155  -0.0000020590  -0.0000423446   0.0000358452  -0.0000115263
       -0.0002938197  -0.0000251260   0.0001590037   0.0005200753   0.0001747269
        0.0003766772   0.0011151673   0.0005689089  -0.0005717500  -0.0000300736
       -0.0001839538  -0.0001084562  -0.0001835055   0.0000145234   0.0005128267
       -0.0000701242   0.0000549140   0.0000162849   0.0000104214   0.0001214439
        0.0000736090  -0.0000203130   0.0000391912   0.0001076592
       -0.0050963076  -0.0049454041  -0.0011551008  -0.0007456612   0.0009254582
       -0.0018163516   0.0037505250  -0.0040470836   0.0018666266  -0.0003600966
        0.0004542014   0.0001462704   0.0001303213   0.0004879807   0.0001883722
        0.0001884328   0.0000990145  -0.0001380765  -0.0007834138  -0.0016595102
        0.0001011444  -0.1042511553  -0.1884796458   0.0068964128  -0.0003380932
       -0.0005119728  -0.0000413305   0.0000983591   0.0000114796   0.0000031677
       -0.0133115203  -0.0275554549   0.0028858491   0.1214480672   0.2235513667
       -0.0098925065  -0.0010400023   0.0012460944   0.0008696248   0.0000316322
        0.0000635807   0.0000098511  -0.0000224758  -0.0000296511   0.0000041329
        0.0001015562   0.0005287021   0.0001749296   0.0000810538  -0.0000531256
       -0.0000518629   0.0002706617  -0.0001153404  -0.0004789020   0.0000177343
       -0.0000843141  -0.0001562188  -0.0000030137   0.0001786926   0.0003561051
       -0.0001061058  -0.0000049650   0.0000259895  -0.0000250819   0.0000042263
        0.0000712841  -0.0000354159  -0.0000643296   0.0001305893
       -0.0171861321  -0.0212891252  -0.0015782780  -0.0026580055  -0.0008082494
       -0.0044669932  -0.0008658324   0.0014266683   0.0004290786   0.0003274138
        0.0003353993   0.0000046686   0.0000614015   0.0001024224   0.0000306642
       -0.0002512233  -0.0001464501   0.0001192234   0.0000185072   0.0004468175
        0.0000771075   0.0067578870   0.0086493795  -0.0435076077  -0.0010771160
       -0.0012210597  -0.0001501992  -0.0000565015   0.0001253240  -0.0000919282
        0.0042720864   0.0054183782  -0.0003097202  -0.0041655542  -0.0098925065
        0.0505226355   0.0150996484   0.0178712547  -0.0020907451  -0.0000122844
        0.0000054832  -0.0000177580  -0.0000315407   0.0000124073  -0.0000784372
        0.0001208448  -0.0001009093   0.0005655361  -0.0001294230  -0.0003780640
        0.0005117956  -0.0002348802  -0.0004490372   0.0004168583   0.0002340474
        0.0001046419  -0.0000646503  -0.0000731278   0.0000594893  -0.0002469985
       -0.0000766939  -0.0000435182  -0.0000032095  -0.0000515136  -0.0001446788
       -0.0000520830  -0.0000220076  -0.0000840673  -0.0000189598
        0.0082685671  -0.0018602060  -0.0090072094   0.0009497286   0.0002284122
       -0.0008456779   0.0004068520  -0.0005923097   0.0001710664  -0.0002347497
       -0.0001469634   0.0000069726   0.0000183961   0.0000039170   0.0002142292
        0.0005799754  -0.0000819915  -0.0002347644   0.0000151757  -0.0002875487
       -0.0001847368  -0.1376766711   0.0123547099   0.1071980402  -0.0000596260
        0.0000070180  -0.0000314407  -0.0001928464  -0.0001521462  -0.0001261131
       -0.0166116629   0.0089457581   0.0118916879  -0.0150870409  -0.0010400023
        0.0150996484   0.1645589263  -0.0196214825  -0.1209991243  -0.0000732214
       -0.0000269948  -0.0000752778  -0.0001619382   0.0000024118  -0.0000613773
        0.0005715674  -0.0001011259  -0.0001315792  -0.0005957228  -0.0006350622
       -0.0030145263  -0.0028981125   0.0028943887   0.0007333471  -0.0002306619
        0.0020116926   0.0016287992  -0.0014396023  -0.0012452508  -0.0011867379
        0.0000190743  -0.0000674034   0.0000115209  -0.0001988879  -0.0005304314
       -0.0001513363   0.0000724812  -0.0000593894  -0.0009054105
        0.0022273864   0.0001719771  -0.0028729047   0.0005364436   0.0003695321
       -0.0007504035   0.0003935886  -0.0000692786  -0.0001585581   0.0001004007
        0.0004486482  -0.0002016591  -0.0000672758  -0.0002417364  -0.0002162694
       -0.0000679592  -0.0016462908   0.0003991966  -0.0001664527   0.0001822371
        0.0001117622   0.0122357314  -0.0468480334  -0.0167980091  -0.0000435508
       -0.0000906396   0.0001669016  -0.0005532466  -0.0000913170  -0.0002563769
        0.0180104685  -0.0061294952  -0.0144927298  -0.0186120416   0.0012460944
        0.0178712547  -0.0196214825   0.0565600251   0.0214000525   0.0000327244
       -0.0000472798   0.0000225283  -0.0000983946  -0.0000043888   0.0001522148
       -0.0000802216   0.0000959665   0.0005164748  -0.0000080976   0.0005221613
       -0.0010744437   0.0051796690  -0.0033121902  -0.0017221364  -0.0006183839
        0.0020055649   0.0015296744   0.0006837802  -0.0016485061  -0.0020353484
        0.0006217542  -0.0004153471  -0.0002300369  -0.0002147521  -0.0008834409
       -0.0005101638   0.0001299118  -0.0001742628  -0.0008510199
        0.0142461421  -0.0040657738  -0.0255381871   0.0006852992   0.0002962769
        0.0006309410  -0.0002502348   0.0002606820   0.0001399900  -0.0007483856
        0.0003749574   0.0006144201   0.0000127092  -0.0003001298  -0.0001174458
       -0.0002035445   0.0003254479   0.0005681035  -0.0001437427   0.0001716410
        0.0000664128   0.1071580986  -0.0163105437  -0.1635718895   0.0001153145
        0.0003607893   0.0003602637  -0.0006430443  -0.0004073149   0.0002109577
        0.0019094215  -0.0025823816   0.0022291748   0.0041826988   0.0008696248
       -0.0020907451  -0.1209991243   0.0214000525   0.1888949462  -0.0000302339
        0.0000959353  -0.0000014770  -0.0000753484   0.0001426546  -0.0000214255
        0.0004324297   0.0001124479   0.0005727725  -0.0025614507  -0.0007677270
       -0.0050352604  -0.0022298061   0.0013677022   0.0016381454   0.0019770830
       -0.0041028800  -0.0039035173  -0.0018790380   0.0011970647   0.0019955674
       -0.0010388642   0.0004394051   0.0002707967   0.0004143806   0.0010635687
        0.0001871042  -0.0003307599   0.0000585005   0.0019003516
       -0.0007648919   0.0026778315  -0.0004997684   0.0084850410   0.0135015441
       -0.0013781314  -0.0104984520  -0.0132108842  -0.0016300362  -0.0006348205
       -0.0009105783  -0.0002863524  -0.1229169250  -0.1093754859   0.0120972340
        0.0006096793   0.0001733440   0.0003770391  -0.0003004181  -0.0000548674
        0.0001202819   0.0000156967   0.0001250005   0.0001277553   0.0004872547
       -0.0000121638   0.0002629266   0.0006469671   0.0001217455  -0.0001689370
       -0.0014233140  -0.0004549875  -0.0034702166  -0.0000259797   0.0000316322
       -0.0000122844  -0.0000732214   0.0000327244  -0.0000302339   0.1425440585
        0.1257169122  -0.0100137491  -0.0165485661  -0.0191552039   0.0050868670
        0.0003561626   0.0007001437  -0.0001520797  -0.0000301626   0.0001119311
       -0.0001093488   0.0000719325  -0.0000336689  -0.0002207844   0.0000048546
        0.0000095025   0.0000714097   0.0000333386   0.0000111537  -0.0001322951
       -0.0000046659   0.0000004493   0.0000031375  -0.0000241296  -0.0000226983
       -0.0000022964  -0.0000094389   0.0000166237  -0.0000401375
        0.0040045818  -0.0045414039   0.0013130093  -0.0126005013  -0.0251852035
        0.0033668588  -0.0050967667  -0.0049844579  -0.0015254280  -0.0002530767
       -0.0004441301  -0.0000682380  -0.1093829450  -0.1903976115   0.0132501121
        0.0000969618  -0.0001079694  -0.0000101164   0.0000860924   0.0004968491
        0.0001069385   0.0001413958   0.0004426354   0.0000669834  -0.0002634399
        0.0004067172   0.0001734569  -0.0003616473   0.0002781948  -0.0003340948
       -0.0006998593   0.0006888159  -0.0016735644   0.0000340155   0.0000635807
        0.0000054832  -0.0000269948  -0.0000472798   0.0000959353   0.1257169122
        0.2236557586  -0.0155891453  -0.0007491594   0.0013223620   0.0008757888
       -0.0007702662  -0.0017151993   0.0000623379   0.0002713313   0.0001579165
       -0.0001112336  -0.0002943634  -0.0000986932   0.0000833104  -0.0000889691
        0.0000562872   0.0000839874   0.0002267624   0.0000178820  -0.0001971398
        0.0000243318  -0.0000410376   0.0000175485  -0.0000089813  -0.0000202796
        0.0000087705  -0.0000054146  -0.0000037338  -0.0000015605
       -0.0008897223   0.0015125305   0.0003827542   0.0030969079   0.0056498311
       -0.0000175764  -0.0175811734  -0.0214363310  -0.0018173216  -0.0008661880
       -0.0012244292  -0.0003639741   0.0125314819   0.0137132572  -0.0438681308
       -0.0001466672  -0.0003545739   0.0006375335   0.0001384763  -0.0001816829
        0.0005734862   0.0000825707   0.0000802654   0.0000332732   0.0001853488
        0.0003673849  -0.0001195988  -0.0000160158  -0.0005622028   0.0001719927
       -0.0030180044  -0.0010759713  -0.0046086785  -0.0000020590   0.0000098511
       -0.0000177580  -0.0000752778   0.0000225283  -0.0000014770  -0.0100137491
       -0.0155891453   0.0520925049   0.0165665729   0.0185896352  -0.0030827741
        0.0000801919   0.0004932900   0.0000297826  -0.0001788883  -0.0001669885
        0.0000648259   0.0000896060   0.0000635381  -0.0000704801   0.0000373918
       -0.0001059842  -0.0001045633   0.0000417218   0.0001384729   0.0000358364
       -0.0000435104   0.0000169023   0.0000095499  -0.0000005698   0.0000383000
        0.0000198546  -0.0000184445   0.0000015222   0.0000209386
        0.0008051280  -0.0009191505  -0.0000656728  -0.0154057745   0.0066273785
        0.0129909990   0.0084462999  -0.0019182727  -0.0090252917  -0.0001783192
        0.0000904222   0.0001462423  -0.1435090921   0.0186980578   0.1098741891
       -0.0006034002  -0.0007403713  -0.0024804081   0.0004989048  -0.0001184583
       -0.0000766365   0.0000759071  -0.0000168485  -0.0000046912  -0.0001106646
       -0.0002389438   0.0001562301  -0.0023335993   0.0038618922  -0.0006953728
        0.0006183093   0.0004855413  -0.0000343232  -0.0000423446  -0.0000224758
       -0.0000315407  -0.0001619382  -0.0000983946  -0.0000753484  -0.0165485661
       -0.0007491594   0.0165665729   0.1686654055  -0.0241235130  -0.1259772825
       -0.0000318866  -0.0003123800  -0.0000855641   0.0005117622   0.0001743039
       -0.0000968147  -0.0006998342  -0.0007410918  -0.0012502175   0.0000781325
       -0.0001895577  -0.0002313078   0.0000000458   0.0001725403   0.0002950353
       -0.0000615280   0.0000304352   0.0000065819   0.0000092173   0.0000609087
        0.0000295860  -0.0000221647  -0.0000128627   0.0000650355
        0.0009744634   0.0008114463  -0.0008496210   0.0188932939  -0.0064226995
       -0.0168863591   0.0024725115  -0.0000748374  -0.0039959187   0.0000469438
       -0.0000356476   0.0000719336   0.0185391545  -0.0484106283  -0.0223019282
       -0.0002274393   0.0005619098  -0.0010014867  -0.0000567839   0.0001505372
        0.0005024581  -0.0001230781  -0.0002885292  -0.0000890359  -0.0002573985
        0.0005547684  -0.0002648843   0.0038914949  -0.0041789632   0.0004685352
        0.0003881132   0.0003479154  -0.0007616722   0.0000358452  -0.0000296511
        0.0000124073   0.0000024118  -0.0000043888   0.0001426546  -0.0191552039
        0.0013223620   0.0185896352  -0.0241235130   0.0564307046   0.0260850786
       -0.0001322733   0.0002391051   0.0001133768  -0.0002422416  -0.0005666581
        0.0004013335  -0.0008969888  -0.0003687746  -0.0002092493   0.0000176900
       -0.0000056617  -0.0000200616  -0.0000266431  -0.0000320597  -0.0000481381
       -0.0000100759  -0.0000010315   0.0000141674  -0.0000024895   0.0000001743
        0.0000086105  -0.0000077932   0.0000006073   0.0000181645
       -0.0004176946   0.0001967430   0.0003077765  -0.0016955895  -0.0000761697
        0.0034102663   0.0157267340  -0.0049403564  -0.0272392003   0.0001692642
        0.0002777925   0.0002119067   0.1100467616  -0.0224394249  -0.1618706785
       -0.0028932338  -0.0008054398  -0.0054714124   0.0004338972   0.0001490881
        0.0003116352   0.0000587895  -0.0002264302  -0.0000641516  -0.0003057258
        0.0001499817   0.0005274822  -0.0003476375   0.0008441456   0.0006104259
        0.0013744531   0.0002581336  -0.0001502537  -0.0000115263   0.0000041329
       -0.0000784372  -0.0000613773   0.0001522148  -0.0000214255   0.0050868670
        0.0008757888  -0.0030827741  -0.1259772825   0.0260850786   0.1920041822
       -0.0000765781   0.0000584384  -0.0000070367  -0.0000480886  -0.0001186870
        0.0001746177  -0.0011350984  -0.0000781768   0.0007652859   0.0000140835
        0.0000940058   0.0001052534   0.0000269113  -0.0003168511  -0.0003003600
        0.0000440989  -0.0000419980  -0.0000287863  -0.0000265695  -0.0001004386
       -0.0000432581   0.0000145415  -0.0000015712  -0.0000710578
       -0.1170313748   0.1056541108  -0.0207320701   0.0084249481  -0.0142198477
        0.0028922240   0.0000191209  -0.0000518487   0.0001588402  -0.0006039009
        0.0007966583  -0.0005539421  -0.0009344533  -0.0028166768   0.0003312544
       -0.0000591396  -0.0000423151  -0.0000296614  -0.0000079066  -0.0000455864
        0.0000183863  -0.0100769796   0.0123487756  -0.0056410770   0.0004869930
        0.0001242094   0.0002315935   0.0006264977  -0.0001989240  -0.0001075158
       -0.0014156164  -0.0005413762  -0.0034755128  -0.0002938197   0.0001015562
        0.0001208448   0.0005715674  -0.0000802216   0.0004324297   0.0003561626
       -0.0007702662   0.0000801919  -0.0000318866  -0.0001322733  -0.0000765781
        0.1358885160  -0.1202435756   0.0276312057  -0.0159461664   0.0201905430
       -0.0009962301   0.0000178663  -0.0000449649  -0.0001756130   0.0000309377
        0.0000955440   0.0000835060   0.0000330577  -0.0000756087  -0.0001101495
        0.0000047380  -0.0000024122  -0.0000087226  -0.0000451215  -0.0000376225
       -0.0000428316  -0.0000140399  -0.0000078773  -0.0000305723
        0.1058113572  -0.1898074996   0.0321619525   0.0120978157  -0.0254798382
        0.0047163910  -0.0000883913   0.0003637634  -0.0001950113  -0.0000058046
       -0.0000995257  -0.0000224772  -0.0042203476  -0.0047358933   0.0003458151
       -0.0000186386  -0.0000663297  -0.0000430398  -0.0000371078   0.0000472849
       -0.0000243260  -0.0001877191   0.0016407948   0.0005069985   0.0003152050
        0.0001563380  -0.0002824496   0.0003132515   0.0005345301   0.0002186689
       -0.0001615502   0.0010015143  -0.0000156838  -0.0000251260   0.0005287021
       -0.0001009093  -0.0001011259   0.0000959665   0.0001124479   0.0007001437
       -0.0017151993   0.0004932900  -0.0003123800   0.0002391051   0.0000584384
       -0.1202435756   0.2227867035  -0.0376534274   0.0060372308  -0.0053616548
       -0.0003630394   0.0002926273  -0.0001204897  -0.0000643692   0.0000461617
       -0.0000108035  -0.0000066028  -0.0001550688   0.0000769741   0.0000958963
       -0.0000409802  -0.0000226733   0.0000150654  -0.0000035957  -0.0000232514
        0.0000118754  -0.0000123811  -0.0000285183   0.0000344965
       -0.0203713464   0.0317349734  -0.0496277635  -0.0008077688   0.0023977979
        0.0002875598   0.0001060733  -0.0001757844   0.0001448428  -0.0008704142
        0.0011537600  -0.0007609668   0.0003672095   0.0001486348   0.0007502538
       -0.0000586424  -0.0000099060  -0.0000042519   0.0000207193  -0.0000326039
       -0.0000063601  -0.0177948135   0.0207754184  -0.0088640489   0.0000754695
       -0.0004586763   0.0000578143  -0.0001062085   0.0004478778  -0.0000734446
       -0.0031408742  -0.0006073897  -0.0049227821   0.0001590037   0.0001749296
        0.0005655361  -0.0001315792   0.0005164748   0.0005727725  -0.0001520797
        0.0000623379   0.0000297826  -0.0000855641   0.0001133768  -0.0000070367
        0.0276312057  -0.0376534274   0.0589272100   0.0150825867  -0.0184661789
        0.0029874516  -0.0000080299  -0.0000452823  -0.0000480491  -0.0000114134
        0.0000293284  -0.0000793214   0.0001028464  -0.0000769738   0.0000529334
        0.0000229637   0.0000024450   0.0000007025  -0.0000265330  -0.0000049908
       -0.0000122275  -0.0000028105  -0.0000261413   0.0000293933
       -0.1430028781   0.0177214405   0.1093183966  -0.0160070435  -0.0019638680
        0.0148150260   0.0000890506   0.0000177795  -0.0000207641  -0.0001758637
       -0.0000390241   0.0001595791   0.0007953193   0.0008720971  -0.0003224626
       -0.0001563811   0.0000725642  -0.0000909206  -0.0000362424  -0.0000025135
       -0.0000368886   0.0084882369  -0.0010881612  -0.0091666416  -0.0001182810
        0.0003015627   0.0000826243  -0.0025576130  -0.0039496888   0.0005378051
        0.0006640113  -0.0005326657   0.0000920110   0.0005200753   0.0000810538
       -0.0001294230  -0.0005957228  -0.0000080976  -0.0025614507  -0.0000301626
        0.0002713313  -0.0001788883   0.0005117622  -0.0002422416  -0.0000480886
       -0.0159461664   0.0060372308   0.0150825867   0.1683687028  -0.0179865306
       -0.1265298587  -0.0008836157   0.0004505135  -0.0012198472   0.0000789186
       -0.0001282991  -0.0002293524   0.0000453038   0.0000909213   0.0002881404
       -0.0000483027   0.0000159843   0.0000167712  -0.0000029970   0.0000451664
        0.0000342017  -0.0000001109  -0.0000365550   0.0001074444
        0.0179774731  -0.0466601202  -0.0169994385  -0.0181756277  -0.0000992577
        0.0177179247   0.0001132784  -0.0001829243   0.0001356151  -0.0000018561
       -0.0001175092   0.0000149919  -0.0010562694   0.0009634362   0.0006416948
       -0.0000065540  -0.0000996818  -0.0001418541  -0.0000331715  -0.0000330476
       -0.0000270881   0.0021904389   0.0000335559  -0.0044987318   0.0001771023
        0.0005834555   0.0002594677  -0.0038561847  -0.0039195779   0.0009975772
        0.0000252632   0.0004631955   0.0006041323   0.0001747269  -0.0000531256
       -0.0003780640  -0.0006350622   0.0005221613  -0.0007677270   0.0001119311
        0.0001579165  -0.0001669885   0.0001743039  -0.0005666581  -0.0001186870
        0.0201905430  -0.0053616548  -0.0184661789  -0.0179865306   0.0545269611
        0.0208082390   0.0005751007  -0.0001949284   0.0004951822  -0.0000321903
        0.0000743420   0.0001057627   0.0000709276   0.0000290576  -0.0001474099
        0.0000157606  -0.0000263357  -0.0000081333  -0.0000111393  -0.0000414812
       -0.0000066569  -0.0000022639   0.0000022209  -0.0000536295
        0.1096597566  -0.0168695881  -0.1629237380   0.0040825711   0.0012071486
       -0.0023190945   0.0000331769   0.0002701142  -0.0001674618   0.0001592660
       -0.0001748352   0.0002980169  -0.0001052577  -0.0004031270   0.0001656786
       -0.0000581784  -0.0001269194   0.0000561225   0.0000074631  -0.0000112164
       -0.0000599787   0.0157555071  -0.0041156959  -0.0277211921  -0.0003688118
       -0.0001485842   0.0004808379   0.0008569892   0.0006315629   0.0005521740
        0.0014503734  -0.0005145780  -0.0002403771   0.0003766772  -0.0000518629
        0.0005117956  -0.0030145263  -0.0010744437  -0.0050352604  -0.0001093488
       -0.0001112336   0.0000648259  -0.0000968147   0.0004013335   0.0001746177
       -0.0009962301  -0.0003630394   0.0029874516  -0.1265298587   0.0208082390
        0.1933189461  -0.0012659300   0.0003163665   0.0005638358  -0.0000317248
        0.0001737379   0.0002622019   0.0002018124   0.0001902529  -0.0007920054
        0.0000289032  -0.0000190811  -0.0000224235  -0.0000371649  -0.0000577544
       -0.0000070372   0.0000013502   0.0000432039  -0.0001479357
        0.0005643626  -0.0000031928   0.0013928001   0.0002480465  -0.0000366473
       -0.0001451564  -0.0203508246  -0.0011434300   0.0151833446  -0.0028544395
        0.0010910134   0.0062121683   0.0004858049   0.0004059860   0.0013787498
       -0.0036876268  -0.0050284507   0.0004838335   0.0010408569  -0.0002974979
       -0.0001185197  -0.0207541390   0.0068718504   0.0142303443  -0.0000134576
       -0.0000488623  -0.0001836403  -0.0004266167   0.0000438297   0.0003457247
       -0.0396400160   0.0028766633   0.0191165860   0.0011151673   0.0002706617
       -0.0002348802  -0.0028981125   0.0051796690  -0.0022298061   0.0000719325
       -0.0002943634   0.0000896060  -0.0006998342  -0.0008969888  -0.0011350984
        0.0000178663   0.0002926273  -0.0000080299  -0.0008836157   0.0005751007
       -0.0012659300   0.0877877769  -0.0094688809  -0.0535480033  -0.0001549565
       -0.0000690795   0.0003905777   0.0002831858  -0.0000714797   0.0006398913
        0.0003697476  -0.0001295136  -0.0001890308   0.0001740168  -0.0000761457
       -0.0002239714   0.0002048752  -0.0000428689  -0.0001815598
        0.0000201255   0.0001300394  -0.0008521967  -0.0000433862   0.0000173449
       -0.0000026188  -0.0121747338   0.0019566438   0.0097765007   0.0038210956
        0.0006895756  -0.0036879833  -0.0006688381   0.0001740741   0.0008598568
       -0.0026808836  -0.0024494395   0.0002491610  -0.0007773759   0.0001204100
        0.0005831060   0.0157526881  -0.0029773634  -0.0116480828  -0.0000168243
       -0.0000890358   0.0000109004  -0.0000184884  -0.0000480616  -0.0000112047
        0.0031654918  -0.0202557769  -0.0042686585   0.0005689089  -0.0001153404
       -0.0004490372   0.0028943887  -0.0033121902   0.0013677022  -0.0000336689
       -0.0000986932   0.0000635381  -0.0007410918  -0.0003687746  -0.0000781768
       -0.0000449649  -0.0001204897  -0.0000452823   0.0004505135  -0.0001949284
        0.0003163665  -0.0094688809   0.0264254296   0.0080982945  -0.0000478527
        0.0001834864   0.0001589230   0.0001212633   0.0003135012  -0.0004564514
       -0.0000369761   0.0000121160   0.0000245057  -0.0000081301  -0.0000272575
        0.0000339622  -0.0000323795   0.0000347302  -0.0000431245
       -0.0018478945   0.0007844284   0.0004230549  -0.0002257515   0.0000151498
        0.0000742765   0.0104881359   0.0017633911  -0.0063416033   0.0236146882
       -0.0039851494  -0.0216964613  -0.0017733847  -0.0006881204   0.0003177800
        0.0020352784   0.0026283414   0.0003475722  -0.0003538930   0.0005150078
        0.0000611458   0.0066731871  -0.0036602482  -0.0023937582  -0.0000052814
        0.0000292779   0.0000525944   0.0000330293  -0.0000246185  -0.0002565101
        0.0182082329  -0.0038113372  -0.0441361275  -0.0005717500  -0.0004789020
        0.0004168583   0.0007333471  -0.0017221364   0.0016381454  -0.0002207844
        0.0000833104  -0.0000704801  -0.0012502175  -0.0002092493   0.0007652859
       -0.0001756130  -0.0000643692  -0.0000480491  -0.0012198472   0.0004951822
        0.0005638358  -0.0535480033   0.0080982945   0.0704815067   0.0000214854
        0.0000682382  -0.0002241611  -0.0000897794   0.0000390020  -0.0002996471
       -0.0002220529   0.0000763263   0.0001156336  -0.0001511458   0.0000410410
        0.0001098273  -0.0001519857   0.0000071395   0.0000992808
       -0.0001186956  -0.0001039937   0.0000359483  -0.0000404222   0.0000043266
       -0.0001752304   0.0001390007  -0.0000046944  -0.0006582483  -0.0004356912
        0.0000925348  -0.0000628161  -0.0001369514   0.0001161537  -0.0000591579
        0.0000952166   0.0007586818   0.0006108295   0.0000149200   0.0000136588
        0.0001714866   0.0003052218  -0.0004257695  -0.0010127089  -0.0000143799
       -0.0000507815  -0.0000963412   0.0002943636  -0.0000679920   0.0000203623
       -0.0003609369   0.0003424378   0.0003340367  -0.0000300736   0.0000177343
        0.0002340474  -0.0002306619  -0.0006183839   0.0019770830   0.0000048546
       -0.0000889691   0.0000373918   0.0000781325   0.0000176900   0.0000140835
        0.0000309377   0.0000461617  -0.0000114134   0.0000789186  -0.0000321903
       -0.0000317248  -0.0001549565  -0.0000478527   0.0000214854   0.3329644476
       -0.0115280629  -0.0149915276  -0.0921993820   0.0394074808   0.0535276358
       -0.1214612417   0.0112167064  -0.0224474299  -0.0742546033  -0.0472222275
       -0.0011390384  -0.0445680174   0.0081573509  -0.0162987534
       -0.0001378665  -0.0000759316  -0.0003128727  -0.0000408694  -0.0001587972
        0.0002513630  -0.0002228368  -0.0003715005   0.0006058154   0.0003129674
        0.0002549891   0.0000116437   0.0001177396  -0.0001951200  -0.0000343541
       -0.0000541092  -0.0007626072  -0.0005716125   0.0000241149   0.0000817676
       -0.0002699917  -0.0015132285   0.0001760015   0.0021966290   0.0000779841
        0.0000850232   0.0001359510  -0.0002615956   0.0001712914  -0.0002216237
        0.0007329159  -0.0005500733   0.0001237747  -0.0001839538  -0.0000843141
        0.0001046419   0.0020116926   0.0020055649  -0.0041028800   0.0000095025
        0.0000562872  -0.0001059842  -0.0001895577  -0.0000056617   0.0000940058
        0.0000955440  -0.0000108035   0.0000293284  -0.0001282991   0.0000743420
        0.0001737379  -0.0000690795   0.0001834864   0.0000682382  -0.0115280629
        0.3399049690   0.0210915968   0.0384940187  -0.1297811227  -0.0835774709
        0.0052030265  -0.0416488560   0.0056966943  -0.0393632301  -0.0932953607
        0.0055737991   0.0066131831  -0.0760535738   0.0530395705
       -0.0000954548   0.0000970783  -0.0003948506  -0.0000386398  -0.0000081026
        0.0002682525  -0.0005347036  -0.0000199617   0.0010858150   0.0004030401
       -0.0000081862   0.0001330729   0.0000472943  -0.0001831435  -0.0001431841
        0.0003183904  -0.0016414535  -0.0009437697  -0.0001195957   0.0002168824
       -0.0002109603  -0.0009468800   0.0006648670   0.0015994578   0.0001108790
        0.0000893888   0.0002405105  -0.0004617848  -0.0000731980  -0.0003065613
        0.0008966786  -0.0007225353   0.0001592120  -0.0001084562  -0.0001562188
       -0.0000646503   0.0016287992   0.0015296744  -0.0039035173   0.0000714097
        0.0000839874  -0.0001045633  -0.0002313078  -0.0000200616   0.0001052534
        0.0000835060  -0.0000066028  -0.0000793214  -0.0002293524   0.0001057627
        0.0002622019   0.0003905777   0.0001589230  -0.0002241611  -0.0149915276
        0.0210915968   0.3602996128   0.0536572522  -0.0858657826  -0.1848817595
       -0.0327994803   0.0089164539  -0.0455528556   0.0042906316   0.0139160130
       -0.0383768390  -0.0113412758   0.0418346188  -0.0889663952
       -0.0001124574   0.0000913382  -0.0001211345  -0.0002387376   0.0000050215
        0.0003118399  -0.0000175199   0.0001739588   0.0014904632   0.0011938523
       -0.0000296455   0.0002135945   0.0000729785  -0.0000959424  -0.0000070602
       -0.0014457283  -0.0005688930  -0.0003755740  -0.0000742442  -0.0000094429
       -0.0001854572  -0.0005193391   0.0002084352   0.0031683144   0.0001009088
        0.0000535126   0.0001015515   0.0000462833   0.0000088596   0.0001477186
        0.0003474916  -0.0005613629  -0.0005437497  -0.0001835055  -0.0000030137
       -0.0000731278  -0.0014396023   0.0006837802  -0.0018790380   0.0000333386
        0.0002267624   0.0000417218   0.0000000458  -0.0000266431   0.0000269113
        0.0000330577  -0.0001550688   0.0001028464   0.0000453038   0.0000709276
        0.0002018124   0.0002831858   0.0001212633  -0.0000897794  -0.0921993820
        0.0384940187   0.0536572522   0.0992598430  -0.0732469800  -0.1037512748
       -0.0262691534   0.0310024313   0.0359874635   0.0163048819   0.0062244443
       -0.0061867291   0.0047784986  -0.0026677615   0.0177614350
       -0.0000794514   0.0001571733   0.0001114484   0.0000287028   0.0001485281
       -0.0001888518  -0.0000166635   0.0003328828  -0.0008348329  -0.0001215985
       -0.0004179876   0.0000560907   0.0000308496   0.0002673583   0.0001714788
        0.0006874897  -0.0000796238  -0.0000399847  -0.0000870082   0.0000300377
        0.0002826174   0.0007211898   0.0002424747  -0.0004734590  -0.0000826125
        0.0000023258  -0.0000895403   0.0001372048  -0.0004702226   0.0001437144
       -0.0002506992  -0.0010790982  -0.0000957023   0.0000145234   0.0001786926
        0.0000594893  -0.0012452508  -0.0016485061   0.0011970647   0.0000111537
        0.0000178820   0.0001384729   0.0001725403  -0.0000320597  -0.0003168511
       -0.0000756087   0.0000769741  -0.0000769738   0.0000909213   0.0000290576
        0.0001902529  -0.0000714797   0.0003135012   0.0000390020   0.0394074808
       -0.1297811227  -0.0858657826  -0.0732469800   0.1696132117   0.1601923575
        0.0307214804  -0.0132843937  -0.0170450966   0.0061306487  -0.0426427616
       -0.0414601410  -0.0028768325   0.0180256762  -0.0160947728
        0.0004603517  -0.0002443153   0.0008007146   0.0000008985   0.0000623979
       -0.0000700255   0.0008452745  -0.0004249333  -0.0011597595   0.0000226326
       -0.0000043510  -0.0003448271   0.0000389514   0.0004006976   0.0005081144
        0.0000712089   0.0013635906  -0.0009801773   0.0003471100  -0.0005182592
        0.0000571278   0.0024846181   0.0000089136  -0.0040129823  -0.0001958295
       -0.0001315937  -0.0004372010   0.0008224883   0.0001292623   0.0002416611
       -0.0025117368   0.0013187953  -0.0004087082   0.0005128267   0.0003561051
       -0.0002469985  -0.0011867379  -0.0020353484   0.0019955674  -0.0001322951
       -0.0001971398   0.0000358364   0.0002950353  -0.0000481381  -0.0003003600
       -0.0001101495   0.0000958963   0.0000529334   0.0002881404  -0.0001474099
       -0.0007920054   0.0006398913  -0.0004564514  -0.0002996471   0.0535276358
       -0.0835774709  -0.1848817595  -0.1037512748   0.1601923575   0.2782763908
        0.0361913988  -0.0172497969  -0.0039974069  -0.0064020748  -0.0421740588
       -0.0172092895   0.0177416360  -0.0167187495  -0.0668271979
        0.0000839033   0.0000792879  -0.0000015374   0.0001005287  -0.0000002887
        0.0000558501  -0.0000448618   0.0000315512   0.0003800593   0.0001753489
       -0.0000405774  -0.0000311530   0.0000776983  -0.0000678612   0.0000794058
       -0.0001928988  -0.0005734843  -0.0003550067  -0.0000767675   0.0000477711
       -0.0000644112  -0.0002289021   0.0001932238   0.0006086189  -0.0000105346
        0.0000229647   0.0000800126  -0.0002141384   0.0000671784  -0.0000571513
        0.0001719436  -0.0001143213  -0.0000142985  -0.0000701242  -0.0001061058
       -0.0000766939   0.0000190743   0.0006217542  -0.0010388642  -0.0000046659
        0.0000243318  -0.0000435104  -0.0000615280  -0.0000100759   0.0000440989
        0.0000047380  -0.0000409802   0.0000229637  -0.0000483027   0.0000157606
        0.0000289032   0.0003697476  -0.0000369761  -0.0002220529  -0.1214612417
        0.0052030265  -0.0327994803  -0.0262691534   0.0307214804   0.0361913988
        0.1932227892  -0.0342464379   0.0179374606  -0.0329084802  -0.0065376803
       -0.0092293602  -0.0126341727   0.0047464584  -0.0114952522
        0.0000045389   0.0000154892   0.0000207544  -0.0000082910   0.0000595735
       -0.0000323364   0.0000481654   0.0000093188  -0.0001790406  -0.0001020174
       -0.0000519284   0.0000106154  -0.0000206613   0.0000675297  -0.0000386528
        0.0000788632   0.0003004840   0.0002185518   0.0000404367  -0.0000575276
        0.0000453546   0.0000448163   0.0000550947  -0.0001906610  -0.0000052815
       -0.0000295352  -0.0000425267   0.0001047139  -0.0000375113   0.0000411715
       -0.0001101330   0.0000831365  -0.0000193915   0.0000549140  -0.0000049650
       -0.0000435182  -0.0000674034  -0.0004153471   0.0004394051   0.0000004493
       -0.0000410376   0.0000169023   0.0000304352  -0.0000010315  -0.0000419980
       -0.0000024122  -0.0000226733   0.0000024450   0.0000159843  -0.0000263357
       -0.0000190811  -0.0001295136   0.0000121160   0.0000763263   0.0112167064
       -0.0416488560   0.0089164539   0.0310024313  -0.0132843937  -0.0172497969
       -0.0342464379   0.0607255275   0.0006462503  -0.0294765870   0.0011302634
       -0.0051267549   0.0215262832  -0.0068373910   0.0125495276
        0.0000119162  -0.0000340369  -0.0000068390   0.0000235182  -0.0000259557
       -0.0000406540   0.0000124775  -0.0000938611  -0.0000734066  -0.0000930857
        0.0000079133  -0.0000175122   0.0000233791   0.0000039905  -0.0000132503
        0.0000401679   0.0002704272   0.0001168474   0.0000344447   0.0000036934
       -0.0000272978   0.0000677066   0.0000016599  -0.0001576885  -0.0000109579
        0.0000009275  -0.0000170215   0.0000606880  -0.0000077454   0.0000426964
       -0.0000411786  -0.0000007760  -0.0000491493   0.0000162849   0.0000259895
       -0.0000032095   0.0000115209  -0.0002300369   0.0002707967   0.0000031375
        0.0000175485   0.0000095499   0.0000065819   0.0000141674  -0.0000287863
       -0.0000087226   0.0000150654   0.0000007025   0.0000167712  -0.0000081333
       -0.0000224235  -0.0001890308   0.0000245057   0.0001156336  -0.0224474299
        0.0056966943  -0.0455528556   0.0359874635  -0.0170450966  -0.0039974069
        0.0179374606   0.0006462503   0.0602769725  -0.0013791512   0.0015387924
        0.0006254423  -0.0300839620   0.0091780166  -0.0114511404
        0.0000760016   0.0000174011   0.0000477500   0.0000408666   0.0000221318
       -0.0000125733   0.0000435622   0.0000894690   0.0000273569  -0.0000473404
       -0.0000445950  -0.0000490940   0.0000210026   0.0000149084   0.0000566497
       -0.0000265297   0.0000336333  -0.0000062484  -0.0000162315  -0.0000199620
        0.0000177672   0.0001900770   0.0000490378  -0.0001295412  -0.0000437222
       -0.0000156765  -0.0000087740  -0.0000253207  -0.0000243861   0.0000342446
       -0.0001578744   0.0000437282   0.0000692263   0.0000104214  -0.0000250819
       -0.0000515136  -0.0001988879  -0.0002147521   0.0004143806  -0.0000241296
       -0.0000089813  -0.0000005698   0.0000092173  -0.0000024895  -0.0000265695
       -0.0000451215  -0.0000035957  -0.0000265330  -0.0000029970  -0.0000111393
       -0.0000371649   0.0001740168  -0.0000081301  -0.0001511458  -0.0742546033
       -0.0393632301   0.0042906316   0.0163048819   0.0061306487  -0.0064020748
       -0.0329084802  -0.0294765870  -0.0013791512   0.0910828005   0.0633835808
        0.0019604552  -0.0002016096  -0.0005659323   0.0013624914
        0.0001021784   0.0000555257   0.0001375022   0.0000159352   0.0001094804
       -0.0000726955   0.0002042147   0.0000828259  -0.0002769765  -0.0001011282
       -0.0001764903  -0.0000330187  -0.0000047788   0.0001039387   0.0000009981
       -0.0001522584   0.0005491329   0.0004283371   0.0000403991  -0.0001122746
        0.0000506059   0.0003690722   0.0001156584  -0.0003970029  -0.0000374037
       -0.0000344962  -0.0000823556   0.0001190486  -0.0000678484   0.0001335955
       -0.0003475787   0.0001231345  -0.0000471153   0.0001214439   0.0000042263
       -0.0001446788  -0.0005304314  -0.0008834409   0.0010635687  -0.0000226983
       -0.0000202796   0.0000383000   0.0000609087   0.0000001743  -0.0001004386
       -0.0000376225  -0.0000232514  -0.0000049908   0.0000451664  -0.0000414812
       -0.0000577544  -0.0000761457  -0.0000272575   0.0000410410  -0.0472222275
       -0.0932953607   0.0139160130   0.0062244443  -0.0426427616  -0.0421740588
       -0.0065376803   0.0011302634   0.0015387924   0.0633835808   0.1625693107
        0.0140994499  -0.0156164387  -0.0275187288   0.0119428818
       -0.0000203751  -0.0000124629   0.0000728214   0.0000151539  -0.0000174061
       -0.0000436929   0.0001046095  -0.0000580108  -0.0001466023  -0.0000891159
       -0.0000337536  -0.0000442879   0.0000359817   0.0000188642  -0.0000111470
       -0.0000969951   0.0003916540   0.0002515926   0.0000588115  -0.0000028278
       -0.0000182293   0.0000969212   0.0000013183  -0.0001028145  -0.0000067706
       -0.0000060399  -0.0000382556   0.0000618564  -0.0000088443   0.0000925196
       -0.0000626872   0.0000020578   0.0000228761   0.0000736090   0.0000712841
       -0.0000520830  -0.0001513363  -0.0005101638   0.0001871042  -0.0000022964
        0.0000087705   0.0000198546   0.0000295860   0.0000086105  -0.0000432581
       -0.0000428316   0.0000118754  -0.0000122275   0.0000342017  -0.0000066569
       -0.0000070372  -0.0002239714   0.0000339622   0.0001098273  -0.0011390384
        0.0055737991  -0.0383768390  -0.0061867291  -0.0414601410  -0.0172092895
       -0.0092293602  -0.0051267549   0.0006254423   0.0019604552   0.0140994499
        0.0581050530   0.0147803212   0.0270214158  -0.0033813272
        0.0000216063   0.0000319564   0.0000467580   0.0000330684   0.0000081455
        0.0000100135   0.0000083859   0.0000260758   0.0000767251  -0.0000078409
       -0.0000282824  -0.0000202885   0.0000301317  -0.0000055635   0.0000242456
       -0.0000259829  -0.0001116126  -0.0000438871  -0.0000320046   0.0000247302
       -0.0000032193  -0.0001196999   0.0000321521   0.0002336432  -0.0000208765
       -0.0000000823   0.0000156330  -0.0000474578   0.0000211317  -0.0000174034
       -0.0000345407   0.0000233563   0.0001020553  -0.0000203130  -0.0000354159
       -0.0000220076   0.0000724812   0.0001299118  -0.0003307599  -0.0000094389
       -0.0000054146  -0.0000184445  -0.0000221647  -0.0000077932   0.0000145415
       -0.0000140399  -0.0000123811  -0.0000028105  -0.0000001109  -0.0000022639
        0.0000013502   0.0002048752  -0.0000323795  -0.0001519857  -0.0445680174
        0.0066131831  -0.0113412758   0.0047784986  -0.0028768325   0.0177416360
       -0.0126341727   0.0215262832  -0.0300839620  -0.0002016096  -0.0156164387
        0.0147803212   0.0526092230  -0.0097024659   0.0089891216
        0.0000172333   0.0000336913  -0.0000646267   0.0000013201   0.0000395451
       -0.0000298164  -0.0000045124   0.0000304489   0.0000161638  -0.0000370366
       -0.0000408461   0.0000120683  -0.0000159721   0.0000139678  -0.0000196543
        0.0000218523  -0.0000357668   0.0000176094   0.0000007439   0.0000099679
        0.0000059134   0.0000472858   0.0002019192  -0.0000850928   0.0000129445
       -0.0000146217   0.0000166464  -0.0000128895  -0.0000560388   0.0000282576
        0.0001051195  -0.0000532670   0.0000249624   0.0000391912  -0.0000643296
       -0.0000840673  -0.0000593894  -0.0001742628   0.0000585005   0.0000166237
       -0.0000037338   0.0000015222  -0.0000128627   0.0000006073  -0.0000015712
       -0.0000078773  -0.0000285183  -0.0000261413  -0.0000365550   0.0000022209
        0.0000432039  -0.0000428689   0.0000347302   0.0000071395   0.0081573509
       -0.0760535738   0.0418346188  -0.0026677615   0.0180256762  -0.0167187495
        0.0047464584  -0.0068373910   0.0091780166  -0.0005659323  -0.0275187288
        0.0270214158  -0.0097024659   0.0924883038  -0.0612363191
        0.0000481844  -0.0000857737   0.0001355108   0.0000196786  -0.0000618296
       -0.0000632696   0.0001245403  -0.0000826586  -0.0001829176  -0.0001398729
        0.0000369768  -0.0000882630   0.0000401079   0.0000348449   0.0000511105
       -0.0000044577   0.0007672631   0.0001049551   0.0000992290  -0.0000841354
       -0.0000285840   0.0007513517  -0.0003085871  -0.0009421229  -0.0000329689
       -0.0000081406  -0.0001123569   0.0001674526   0.0000805672   0.0001379741
       -0.0005147466   0.0002766690  -0.0000573755   0.0001076592   0.0001305893
       -0.0000189598  -0.0009054105  -0.0008510199   0.0019003516  -0.0000401375
       -0.0000015605   0.0000209386   0.0000650355   0.0000181645  -0.0000710578
       -0.0000305723   0.0000344965   0.0000293933   0.0001074444  -0.0000536295
       -0.0001479357  -0.0001815598  -0.0000431245   0.0000992808  -0.0162987534
        0.0530395705  -0.0889663952   0.0177614350  -0.0160947728  -0.0668271979
       -0.0114952522   0.0125495276  -0.0114511404   0.0013624914   0.0119428818
       -0.0033813272   0.0089891216  -0.0612363191   0.1698593888
