           1           2   1.0092615520346426     
           2           5   1.0093699565974230     
           3           5   1.0090078104574622     
           3           6  0.95903665547759231     
           3           7  0.97663363708044093     
           1           8   1.0090646191193571     
           2           9  0.97674383139950960     
           2          10  0.97801012545680788     
           3          11   1.0126344994530285     
           4          11  0.97603248926573527     
           8          11   1.0139407161036009     
           8          12  0.97684863770361952     
           8          13  0.94968338332103175     
           5          14  0.97703797327606356     
           5          15  0.97318145153234781     
           1          16  0.97730459003221481     
           1          17  0.97328571047034873     
          11          18  0.90095103492982309     
          19          20   1.1704114182532377     
          19          21  0.93474786475532190     
          19          22  0.93384966181914775     
          19          23  0.93508426670836797     
