$hessian                                                                        
        0.4915344084   0.0023723024  -0.0402440219  -0.0689870736  -0.0119551132
       -0.0085367390  -0.0003651106  -0.0011211480  -0.0001740620   0.0008071635
        0.0006628660  -0.0007408784   0.0008671818  -0.0017182894   0.0006100795
        0.0000562032  -0.0002220236   0.0000967863   0.0000300357   0.0000653850
        0.0001268534  -0.1690331781   0.0051822806  -0.0470359844   0.0016361152
        0.0168924899   0.0149392301  -0.0060766774  -0.0208612344  -0.0185269874
       -0.0052885320   0.0082795810  -0.0060513174  -0.0286540614   0.0009047631
       -0.0082728968  -0.0059164212  -0.0006350535  -0.0041260352   0.0002288473
       -0.0008198375  -0.0003798058   0.0007352170  -0.0000371793   0.0001596771
       -0.1686699697   0.0024963886   0.1152091606  -0.0429485408   0.0006578236
        0.0024794913   0.0000341811   0.0000096082   0.0000282579  -0.0002311329
       -0.0003105094   0.0006593805  -0.0001281736  -0.0000733645  -0.0007094449
       -0.0000635278   0.0001568408  -0.0001801078   0.0000665468  -0.0001979041
        0.0000164721   0.0003664994   0.0002713276   0.0006528923
        0.0023723024   0.5037134758  -0.0260971460  -0.0135320012  -0.1435408662
       -0.0655404275  -0.0007194183   0.0029816551  -0.0013923858   0.0022713402
       -0.0041763550   0.0024025072  -0.0040949322  -0.0325356124  -0.0120137353
       -0.0000370212   0.0005765055  -0.0000693647   0.0001618571  -0.0001348482
        0.0001091406   0.0095013402  -0.0656385238   0.0054539644   0.0013013480
       -0.0034001092  -0.0046884973  -0.0011235176  -0.0000876148  -0.0013448421
        0.0215808673  -0.0030988182   0.0099079983  -0.0021887511   0.0007203706
       -0.0013395274  -0.0193128673   0.0000204404  -0.0104681594   0.0004452598
        0.0009175417  -0.0009888707   0.0001993679  -0.0054171048   0.0025413264
        0.0030264400  -0.0440132026  -0.0006148329   0.0004392186  -0.2067088542
        0.1026410709  -0.0000380076   0.0000797910   0.0000477355   0.0000026182
       -0.0003025320   0.0009199553  -0.0002123100   0.0000579210   0.0001670134
        0.0001396496  -0.0001265003   0.0000427706   0.0000441192   0.0001470243
        0.0001041652  -0.0002269022  -0.0000337836   0.0002201412
       -0.0402440219  -0.0260971460   0.4930774517  -0.0088749863  -0.0641983162
       -0.1187268251  -0.0002909528  -0.0017991847   0.0000595982  -0.0006052702
        0.0015403023  -0.0001306832   0.0020740535   0.0069996959   0.0086006802
        0.0000592867  -0.0000634191  -0.0000206140   0.0000251754   0.0000589934
       -0.0000176100  -0.0495539629   0.0036804772  -0.0904121158   0.0000931202
       -0.0187813930  -0.0167930580  -0.0043759025  -0.0128375483  -0.0111942247
       -0.0120120552   0.0049632055  -0.0067247831   0.0169517360  -0.0000497291
        0.0073428731  -0.0206467224  -0.0011629340  -0.0110109987  -0.0001514530
        0.0012317338   0.0008371128   0.0001143850   0.0039624743  -0.0005062680
        0.1147293402  -0.0003562777  -0.1461061977   0.0026133531   0.1019906623
       -0.1059379935   0.0000184262   0.0000463617   0.0000665862  -0.0005879786
        0.0007762783  -0.0006040578   0.0009172228  -0.0009944963   0.0001550446
       -0.0000716643   0.0002612125   0.0000131750   0.0000359491   0.0001600427
       -0.0000650488  -0.0002170781   0.0006690045  -0.0019020434
       -0.0689870736  -0.0135320012  -0.0088749863   0.5430516834  -0.0077453413
       -0.0015002887  -0.0034891955   0.0214733231  -0.0152671251   0.0002500874
       -0.0000125408   0.0001161358  -0.0669636623  -0.0002785834   0.0023894759
       -0.0046295527   0.0018678011  -0.0033564476   0.0005678716   0.0006191387
       -0.0008633384  -0.0080837746  -0.0191480118  -0.0187100551  -0.1706264363
        0.0045148092   0.1108512779  -0.2206058749   0.0204534713  -0.0920487361
        0.0024303554  -0.0003559936   0.0011632444   0.0005660412  -0.0005727298
       -0.0009172853  -0.0048916025  -0.0005136680  -0.0034525422  -0.0014643695
       -0.0189362798   0.0139444513   0.0006472860  -0.0033245409   0.0018728954
        0.0017650231   0.0166413790   0.0151836143   0.0005992417  -0.0011707031
       -0.0003299602  -0.0000334204   0.0000150139   0.0000295514   0.0000420341
        0.0000099902  -0.0002247549  -0.0002551004   0.0000230104   0.0003109669
        0.0000884324  -0.0000210797   0.0000691510   0.0000235546  -0.0000416974
       -0.0001960819  -0.0000015482   0.0000352339  -0.0001891625
       -0.0119551132  -0.1435408662  -0.0641983162  -0.0077453413   0.4507810224
       -0.0027459083   0.0066739516  -0.0065347731   0.0080830285  -0.0000270429
        0.0001413447  -0.0000193619  -0.0019942890  -0.1601182143   0.0600409818
        0.0007214384   0.0008304407   0.0001460128  -0.0004934764   0.0004062378
       -0.0001628216  -0.0053993779   0.0001279960  -0.0041871177   0.0044711630
       -0.0422192428  -0.0034214906   0.0204652039  -0.0426657427   0.0107684016
       -0.0003893427  -0.0009150360  -0.0001723944   0.0003953702   0.0003482269
        0.0002696818   0.0005675042   0.0010786081   0.0006445153  -0.0016410110
       -0.0028222942   0.0039466186  -0.0008483535  -0.0260297060   0.0122450018
        0.0009250338  -0.0033071930  -0.0048340644  -0.0037335414  -0.0256722295
       -0.0163885302   0.0000116412   0.0001272205   0.0000022516  -0.0000110217
        0.0001040386  -0.0000192076   0.0000288728  -0.0002411334  -0.0000280922
        0.0000023333   0.0000592145  -0.0000019405   0.0000311442   0.0000123650
        0.0000401101  -0.0000557455   0.0000497161  -0.0000073582
       -0.0085367390  -0.0655404275  -0.1187268251  -0.0015002887  -0.0027459083
        0.5015880168  -0.0058880899   0.0145116727  -0.0111913373   0.0003430066
       -0.0000312678   0.0003276914   0.0028294252   0.0612771797  -0.1041544368
       -0.0028359624   0.0008357051  -0.0010831876   0.0007123178  -0.0006129207
        0.0006930195  -0.0088592928  -0.0121685984  -0.0133821827   0.1114803219
       -0.0034997904  -0.1449432098  -0.0925340182   0.0108284848  -0.0930739075
        0.0018293680  -0.0002250282   0.0001356056   0.0008762420   0.0004509329
        0.0007961946  -0.0028900725  -0.0000944932  -0.0011073180   0.0032451789
        0.0196104505  -0.0151832007  -0.0001644933  -0.0144072606   0.0083793623
        0.0001883491  -0.0184513932  -0.0179156814   0.0017290753   0.0102397562
        0.0082056516   0.0000651591  -0.0000028180   0.0000578568  -0.0003891945
        0.0000242563   0.0006362956   0.0002489498  -0.0000746156  -0.0001455886
       -0.0000530796   0.0000323805   0.0000464496   0.0000997516   0.0003175836
        0.0000410199   0.0000040853  -0.0002738804  -0.0000002882
       -0.0003651106  -0.0007194183  -0.0002909528  -0.0034891955   0.0066739516
       -0.0058880899   0.4801065019  -0.0035860945  -0.0248370074  -0.0157442979
       -0.0237498862  -0.0152122337  -0.1672437803   0.0133320036  -0.0494413893
       -0.0426395759  -0.0066960949   0.0066746719  -0.1508522024   0.0274412012
        0.1117867532   0.0031342791   0.0016341395   0.0021034342   0.0009625049
       -0.0006347681   0.0006572812   0.0010463309  -0.0000147653   0.0003698530
       -0.0780114792  -0.0249026900  -0.0173272455   0.0001750484   0.0000513600
        0.0000272496   0.0002607108   0.0015679791   0.0000679304  -0.0256257878
        0.0034757865  -0.0090038901  -0.0093407924  -0.0008292818  -0.0065096217
       -0.0000330670   0.0000682478   0.0000232747   0.0000702199  -0.0001822710
        0.0001588444  -0.0000617664  -0.0000181039   0.0001608388   0.0067670814
        0.0058333858   0.0065653266   0.0005761003   0.0012712696  -0.0000782407
       -0.0000825282  -0.0000380061  -0.0000903125   0.0004473209  -0.0000704041
       -0.0000209000  -0.0000565149   0.0000924595   0.0001044255
       -0.0011211480   0.0029816551  -0.0017991847   0.0214733231  -0.0065347731
        0.0145116727  -0.0035860945   0.4726702538  -0.0369795411  -0.0020425567
       -0.0020514593  -0.0037493841   0.0175189580  -0.0672185343   0.0075817067
       -0.0070978347  -0.1864134618   0.1102779264   0.0272905130  -0.0505769917
       -0.0253766876  -0.0070841991  -0.0266585719  -0.0091345056   0.0004198662
        0.0007468545  -0.0005192507   0.0011466525  -0.0044289180   0.0034379655
       -0.0311578496  -0.1301708266  -0.0405719326  -0.0000030067  -0.0004770870
       -0.0000329714   0.0001809038  -0.0045836344   0.0019637627   0.0027165042
        0.0001085174   0.0005810030  -0.0203216249   0.0015191951  -0.0122702320
        0.0001627394  -0.0001496922  -0.0000587821  -0.0002077398   0.0004676266
       -0.0001036419   0.0001131461   0.0001455563  -0.0000425887   0.0014277278
        0.0001203757  -0.0079108074  -0.0000030274   0.0003685806   0.0002490753
        0.0000417827   0.0000531783   0.0001797390   0.0001882823   0.0003441483
       -0.0001244828  -0.0000553174  -0.0002619914  -0.0001088586
       -0.0001740620  -0.0013923858   0.0000595982  -0.0152671251   0.0080830285
       -0.0111913373  -0.0248370074  -0.0369795411   0.5059808419  -0.0046666620
       -0.0070586204  -0.0038877247  -0.0468392409   0.0052858092  -0.0907368843
        0.0066013140   0.1099414173  -0.1264771372   0.1124136844  -0.0250273402
       -0.1557131811   0.0028567731   0.0050664785   0.0065281051  -0.0009378773
       -0.0000967237   0.0003693777  -0.0006711930   0.0034778083  -0.0015106520
       -0.0186073770  -0.0389535463  -0.0848088138  -0.0000729518   0.0000827682
        0.0001223384  -0.0004349758   0.0031695997  -0.0005415586   0.0167121205
       -0.0017131511   0.0082381764  -0.0196994013  -0.0002935021  -0.0113599935
       -0.0000034288   0.0002209681   0.0000127545   0.0000164974  -0.0000623644
        0.0000353744   0.0000196770  -0.0000097260   0.0000688551  -0.0060347825
       -0.0236618608  -0.0368301234  -0.0017075426  -0.0002616439   0.0010973425
        0.0000631766   0.0000303516   0.0002479947   0.0009146673   0.0002379456
        0.0005088247   0.0003557170  -0.0000857693  -0.0002121777
        0.0008071635   0.0022713402  -0.0006052702   0.0002500874  -0.0000270429
        0.0003430066  -0.0157442979  -0.0020425567  -0.0046666620   0.2955408816
       -0.0217035038   0.0114839233   0.0001881822  -0.0029100049  -0.0011861963
       -0.0002205737  -0.0001405232   0.0001303764   0.0012528170   0.0008396109
        0.0002891751  -0.0106654504   0.0038097396  -0.0030014120   0.0000268104
       -0.0000036051  -0.0001144997   0.0000609508  -0.0000132333   0.0000486560
       -0.2504650305   0.0193692846  -0.0193233910   0.0012843132  -0.0009883029
        0.0002502611  -0.0001872314   0.0001158814   0.0001157817   0.0002271372
        0.0000088855   0.0000456497  -0.0007651963  -0.0000379769  -0.0005926186
        0.0002280025  -0.0000657486   0.0000451571  -0.0005671068   0.0001727907
       -0.0004513520  -0.0004055986   0.0000377529   0.0003382250  -0.0211755458
        0.0017308160   0.0130447804   0.0004729421  -0.0004424176   0.0035563230
       -0.0008519412   0.0001004328   0.0003746915   0.0003818539   0.0001773736
       -0.0000471894   0.0003268307  -0.0002589922  -0.0000774156
        0.0006628660  -0.0041763550   0.0015403023  -0.0000125408   0.0001413447
       -0.0000312678  -0.0237498862  -0.0020514593  -0.0070586204  -0.0217035038
        0.0572163501  -0.0013306398  -0.0012615722  -0.0031036608  -0.0017469525
       -0.0000866300  -0.0002594702   0.0001055262  -0.0011534440   0.0006796300
       -0.0003304566   0.0265361850  -0.0081901206   0.0073867266  -0.0000081192
       -0.0000832302   0.0000074632  -0.0000128946  -0.0000556607  -0.0000063125
        0.0194367133  -0.0423519339   0.0015422102   0.0011974400   0.0004521503
        0.0004209357   0.0001009543  -0.0002350400  -0.0001393881  -0.0000117742
       -0.0000836338  -0.0000170541  -0.0009067685  -0.0000782733  -0.0006383734
       -0.0000515528  -0.0000681138   0.0000161043   0.0010464275  -0.0003295436
        0.0007414296   0.0000568145  -0.0001712661  -0.0000626888  -0.0000345700
        0.0012389209  -0.0004662689  -0.0000249708   0.0015267456   0.0000387083
        0.0000153710   0.0000627070  -0.0000066627   0.0001234321  -0.0000629005
       -0.0000839786  -0.0001579763  -0.0000171868   0.0001192580
       -0.0007408784   0.0024025072  -0.0001306832   0.0001161358  -0.0000193619
        0.0003276914  -0.0152122337  -0.0037493841  -0.0038877247   0.0114839233
       -0.0013306398   0.0654106789  -0.0012683166  -0.0025715269  -0.0005663437
        0.0000637751   0.0001030608  -0.0000968964  -0.0018158057  -0.0008941902
       -0.0007450286  -0.0116759542   0.0058144880  -0.0025470431   0.0000149565
       -0.0000007717  -0.0000592052   0.0001093723  -0.0000132694   0.0000261642
       -0.0204588796   0.0017436126  -0.0376719496  -0.0015180040   0.0013259583
       -0.0005704757   0.0000427306  -0.0001372624  -0.0001181480  -0.0000321213
        0.0000616238  -0.0001523436  -0.0005145791   0.0000183610  -0.0004275077
       -0.0000373786  -0.0000482286  -0.0001539046  -0.0004172308   0.0000832310
       -0.0003463869   0.0002090465  -0.0000417886  -0.0003182132   0.0374056686
       -0.0031110398  -0.0115051506   0.0032720571   0.0004422375  -0.0056563173
        0.0013442733  -0.0001451868  -0.0005129753  -0.0001569639  -0.0001215010
       -0.0001837060  -0.0002135930   0.0001890711  -0.0001145311
        0.0008671818  -0.0040949322   0.0020740535  -0.0669636623  -0.0019942890
        0.0028294252  -0.1672437803   0.0175189580  -0.0468392409   0.0001881822
       -0.0012615722  -0.0012683166   0.4917442062   0.0034840269  -0.0350509653
       -0.0021885661   0.0012214031  -0.0020420443  -0.0277321088   0.0048699694
       -0.0079625822   0.0000270578   0.0015866825   0.0002289710  -0.0016658457
       -0.0190805220   0.0136064719  -0.0021013514   0.0230133718  -0.0154358131
       -0.0098877363  -0.0061140082  -0.0083423053  -0.0000219140  -0.0001033534
        0.0001003576   0.0001214705   0.0002868865   0.0001382295  -0.1691014731
        0.0044497136   0.1143427722  -0.0470855681  -0.0239533866  -0.0163205705
        0.0003273733   0.0009709775  -0.0001093553   0.0005509735  -0.0008723835
       -0.0003582683   0.0000522869  -0.0000193342   0.0000081185  -0.0002031459
        0.0002550017   0.0005218775   0.0000652234   0.0001316075  -0.0007243006
       -0.0001166885  -0.0001293789  -0.0001800002   0.0002926307  -0.0002775804
        0.0007778894   0.0000752541   0.0001121422   0.0000055959
       -0.0017182894  -0.0325356124   0.0069996959  -0.0002785834  -0.1601182143
        0.0612771797   0.0133320036  -0.0672185343   0.0052858092  -0.0029100049
       -0.0031036608  -0.0025715269   0.0034840269   0.4961277929   0.0327833044
        0.0216023425  -0.0052513098   0.0119486067   0.0052355671  -0.0002491934
        0.0020111188   0.0012067282   0.0021928490   0.0016294299  -0.0020233951
       -0.0028162059   0.0036814639   0.0016839537  -0.0060165491   0.0050536371
       -0.0186714166   0.0030816154  -0.0078018726  -0.0001852319  -0.0000750554
       -0.0001466455   0.0000950857   0.0005089529   0.0000977536   0.0040646292
       -0.0435829951  -0.0063723810  -0.0237848875  -0.1773830541  -0.1104491458
       -0.0003067965   0.0008482572   0.0010271573  -0.0011268641  -0.0044491101
       -0.0030051102   0.0000397489   0.0000800332  -0.0000532632   0.0000575335
       -0.0001168759  -0.0010545519   0.0002042030   0.0000063645  -0.0000937517
       -0.0001288789  -0.0000593411  -0.0000308689   0.0001708156   0.0000129578
       -0.0001525488  -0.0000422894   0.0001168890  -0.0000634899
        0.0006100795  -0.0120137353   0.0086006802   0.0023894759   0.0600409818
       -0.1041544368  -0.0494413893   0.0075817067  -0.0907368843  -0.0011861963
       -0.0017469525  -0.0005663437  -0.0350509653   0.0327833044   0.4990249474
       -0.0178813450   0.0053107846  -0.0095269222   0.0168542884  -0.0036489523
        0.0073811565   0.0001549518   0.0020799432   0.0004517558   0.0031558373
        0.0198927177  -0.0140727134  -0.0019237999   0.0142354345  -0.0092641424
       -0.0147093790  -0.0018555242  -0.0080534178  -0.0000035104  -0.0000665323
       -0.0000384340   0.0000890946   0.0001117162  -0.0000052829   0.1139761391
       -0.0064629172  -0.1454054825  -0.0160534998  -0.1098213308  -0.1304443998
       -0.0004001971  -0.0011865267   0.0008230188  -0.0006635950  -0.0043767532
       -0.0013056672   0.0000077121  -0.0000472802   0.0000614228  -0.0006248378
       -0.0005268549  -0.0008592437   0.0011628810   0.0006570601   0.0003256222
       -0.0001474731  -0.0002555888  -0.0000411781  -0.0002994485  -0.0005479086
       -0.0020989469  -0.0000148234  -0.0001367921  -0.0000951079
        0.0000562032  -0.0000370212   0.0000592867  -0.0046295527   0.0007214384
       -0.0028359624  -0.0426395759  -0.0070978347   0.0066013140  -0.0002205737
       -0.0000866300   0.0000637751  -0.0021885661   0.0216023425  -0.0178813450
        0.0510883731   0.0089408683  -0.0050409618  -0.0024331385  -0.0176357335
        0.0161588786  -0.0001664290  -0.0008150504  -0.0010584398  -0.0001126206
       -0.0001132208  -0.0000252070  -0.0002536566   0.0013262830  -0.0009686447
        0.0004034424  -0.0080678075   0.0046844756  -0.0000401302   0.0001683002
       -0.0001025571   0.0000737973  -0.0004541238   0.0000643025   0.0007443552
        0.0005429448  -0.0001284147   0.0003687734   0.0000408853   0.0001079376
       -0.0000553806  -0.0000190797  -0.0000598768  -0.0000319956  -0.0000344817
       -0.0000192540   0.0000490287   0.0000538833  -0.0000760204   0.0001477554
        0.0007916548   0.0003092163   0.0005382394   0.0001090316   0.0000799045
       -0.0000786008  -0.0000799148  -0.0000683383  -0.0004553184   0.0002203852
        0.0001674715  -0.0001644293  -0.0000771194  -0.0000315405
       -0.0002220236   0.0005765055  -0.0000634191   0.0018678011   0.0008304407
        0.0008357051  -0.0066960949  -0.1864134618   0.1099414173  -0.0001405232
       -0.0002594702   0.0001030608   0.0012214031  -0.0052513098   0.0053107846
        0.0089408683   0.2175341400  -0.1272842895  -0.0006796737   0.0027742743
       -0.0001995246  -0.0022676068  -0.0035813798  -0.0033900467   0.0000204381
        0.0000473483  -0.0001335321   0.0000788182  -0.0005276183   0.0002654881
       -0.0030612767  -0.0267886596   0.0130671446   0.0000381016   0.0000102005
       -0.0000118026   0.0001886711  -0.0014773388   0.0004901505  -0.0000878598
        0.0000336653  -0.0002479206  -0.0001160123   0.0002971166  -0.0000201975
        0.0000338731  -0.0000531825  -0.0000139710  -0.0000526694   0.0000752956
       -0.0000583882  -0.0000547477  -0.0000186489  -0.0000170246   0.0009085511
        0.0022628495   0.0015976548  -0.0004221246  -0.0001697366  -0.0001508647
        0.0000443367   0.0000200328   0.0000328945   0.0005120207  -0.0000787598
       -0.0001218464  -0.0000542705   0.0001576970   0.0000685273
        0.0000967863  -0.0000693647  -0.0000206140  -0.0033564476   0.0001460128
       -0.0010831876   0.0066746719   0.1102779264  -0.1264771372   0.0001303764
        0.0001055262  -0.0000968964  -0.0020420443   0.0119486067  -0.0095269222
       -0.0050409618  -0.1272842895   0.1469189598   0.0049698004   0.0200639035
       -0.0180630023  -0.0005086793  -0.0022597376  -0.0011298307  -0.0001217700
       -0.0002775313   0.0002704908  -0.0003358946   0.0009030825  -0.0004933893
       -0.0010324048  -0.0122582483   0.0074705552  -0.0000944816  -0.0001174267
       -0.0000158422   0.0000099537  -0.0006883147   0.0002583273   0.0004374502
       -0.0002567833   0.0006771215   0.0000710105  -0.0000067641  -0.0003624290
       -0.0000376168  -0.0000043972  -0.0000096704  -0.0000137069  -0.0000142313
       -0.0000006803   0.0000079832  -0.0000452704  -0.0000191591   0.0000119048
        0.0000959924   0.0018765650   0.0001786256  -0.0002734904  -0.0002294988
       -0.0000222544  -0.0000150636  -0.0000444656   0.0001125238  -0.0000410415
        0.0001066413  -0.0000948247   0.0000709042  -0.0000059360
        0.0000300357   0.0001618571   0.0000251754   0.0005678716  -0.0004934764
        0.0007123178  -0.1508522024   0.0272905130   0.1124136844   0.0012528170
       -0.0011534440  -0.0018158057  -0.0277321088   0.0052355671   0.0168542884
       -0.0024331385  -0.0006796737   0.0049698004   0.1819494952  -0.0279398226
       -0.1249154021   0.0001623911  -0.0001108157  -0.0001019291   0.0002193796
        0.0004702361  -0.0005355318   0.0002587007  -0.0002201744  -0.0000024412
        0.0024041913  -0.0023298453  -0.0036912879   0.0001639417   0.0001133688
       -0.0000685231  -0.0000571195  -0.0000230497  -0.0000755535  -0.0063587822
        0.0010268282  -0.0028196419   0.0003347023  -0.0001676068   0.0005924632
       -0.0000213946  -0.0001646043  -0.0001125131  -0.0000329097  -0.0000196767
       -0.0000692432  -0.0007564964  -0.0001502047   0.0002061041   0.0004808480
       -0.0007366439  -0.0012195055   0.0004337481  -0.0001660121  -0.0002084640
        0.0000417234  -0.0000059269  -0.0000311609  -0.0000186107   0.0000786688
       -0.0000650350  -0.0000370830  -0.0000160618  -0.0000417958
        0.0000653850  -0.0001348482   0.0000589934   0.0006191387   0.0004062378
       -0.0006129207   0.0274412012  -0.0505769917  -0.0250273402   0.0008396109
        0.0006796300  -0.0008941902   0.0048699694  -0.0002491934  -0.0036489523
       -0.0176357335   0.0027742743   0.0200639035  -0.0279398226   0.0570889710
        0.0326386686  -0.0001764158  -0.0004522351  -0.0001416298   0.0001543610
       -0.0001581061   0.0003979037  -0.0001689524  -0.0000575877   0.0000441077
        0.0137199070  -0.0060318733  -0.0187993839  -0.0001829167  -0.0004484265
        0.0000635678  -0.0001445370   0.0000160292   0.0001411553   0.0009699056
        0.0006986507   0.0006451464  -0.0010474554   0.0003087207   0.0001228324
       -0.0001375633   0.0000051928   0.0000162738  -0.0000333027  -0.0000409900
       -0.0000281727  -0.0000660370  -0.0001961667   0.0000246279  -0.0009602883
       -0.0035141126  -0.0050833364  -0.0003037081  -0.0001272606  -0.0001018976
        0.0000817130   0.0000046694   0.0000101834  -0.0000146505  -0.0000329337
        0.0000871549   0.0000501913   0.0000383497   0.0000233049
        0.0001268534   0.0001091406  -0.0000176100  -0.0008633384  -0.0001628216
        0.0006930195   0.1117867532  -0.0253766876  -0.1557131811   0.0002891751
       -0.0003304566  -0.0007450286  -0.0079625822   0.0020111188   0.0073811565
        0.0161588786  -0.0001995246  -0.0180630023  -0.1249154021   0.0326386686
        0.1833583428   0.0000054983  -0.0000357018   0.0000988941   0.0000352975
       -0.0000371511   0.0000007147   0.0000095732  -0.0000426363  -0.0000267577
        0.0096047759  -0.0057457450  -0.0136866146  -0.0001025537  -0.0001199832
        0.0001648071  -0.0001104887   0.0000255137  -0.0000013609  -0.0024157880
        0.0006310709   0.0001479789  -0.0004916571   0.0002855089   0.0009999008
       -0.0000499867   0.0000004332  -0.0000966676  -0.0000642552  -0.0000482428
       -0.0000363212   0.0003376479   0.0000972694  -0.0002455933  -0.0006087193
       -0.0037066791  -0.0043632031  -0.0004014978  -0.0001232969  -0.0000350454
        0.0000381184   0.0000380103   0.0000396776  -0.0003519020   0.0001330146
        0.0001419992  -0.0000544004  -0.0000408224   0.0000038945
       -0.1690331781   0.0095013402  -0.0495539629  -0.0080837746  -0.0053993779
       -0.0088592928   0.0031342791  -0.0070841991   0.0028567731  -0.0106654504
        0.0265361850  -0.0116759542   0.0000270578   0.0012067282   0.0001549518
       -0.0001664290  -0.0022676068  -0.0005086793   0.0001623911  -0.0001764158
        0.0000054983   0.4811157139   0.0039952137  -0.0180588857   0.0009986936
        0.0005205773   0.0008262943   0.0006973862  -0.0008123830  -0.0002821115
       -0.0699611296   0.0155600875  -0.0088738125  -0.1580413163  -0.0208881428
        0.1128632968  -0.0443969625  -0.0160709146  -0.0137822137  -0.0000671629
       -0.0000857744   0.0000204751   0.0001418794   0.0002139721   0.0002043740
       -0.0259278135   0.0019133856  -0.0089390529  -0.0054601111   0.0024387196
       -0.0040716922  -0.0000883996   0.0000468176   0.0001620720   0.0050598613
       -0.0076594814   0.0077625044   0.0002322187  -0.0013164956  -0.0003301092
       -0.0000551492   0.0000571845  -0.0001185782  -0.0000825860  -0.0002020980
        0.0001374348   0.0004599815  -0.0000273218   0.0000606702
        0.0051822806  -0.0656385238   0.0036804772  -0.0191480118   0.0001279960
       -0.0121685984   0.0016341395  -0.0266585719   0.0050664785   0.0038097396
       -0.0081901206   0.0058144880   0.0015866825   0.0021928490   0.0020799432
       -0.0008150504  -0.0035813798  -0.0022597376  -0.0001108157  -0.0004522351
       -0.0000357018   0.0039952137   0.4642513873   0.0361455648  -0.0003748088
        0.0006409379   0.0004271112  -0.0018365445  -0.0032887930  -0.0036645720
        0.0217545682  -0.1472248409   0.0368862151  -0.0208348069  -0.0466100526
        0.0172130467  -0.0157398686  -0.1606629911  -0.1134211388  -0.0001666659
       -0.0000919709   0.0000343056   0.0002591961   0.0003739898   0.0001117492
       -0.0002541090   0.0005442711   0.0000344516   0.0235085868  -0.0042381837
        0.0140599499  -0.0000602558   0.0001546105   0.0000117650  -0.0023806439
       -0.0024919089   0.0102648368   0.0002643436   0.0006499036  -0.0002669588
        0.0000046218   0.0000770295  -0.0001889956  -0.0000260984  -0.0002967403
        0.0000847485  -0.0002516925   0.0004133379   0.0000905716
       -0.0470359844   0.0054539644  -0.0904121158  -0.0187100551  -0.0041871177
       -0.0133821827   0.0021034342  -0.0091345056   0.0065281051  -0.0030014120
        0.0073867266  -0.0025470431   0.0002289710   0.0016294299   0.0004517558
       -0.0010584398  -0.0033900467  -0.0011298307  -0.0001019291  -0.0001416298
        0.0000988941  -0.0180588857   0.0361455648   0.5137908046  -0.0009825587
        0.0002870916   0.0004364903  -0.0014543513  -0.0035413036  -0.0023345026
       -0.0092784301   0.0353098605  -0.0771684846   0.1135021590   0.0168110526
       -0.1522605733  -0.0137988663  -0.1131880688  -0.1500270619  -0.0000543490
       -0.0002357798  -0.0000039585   0.0000567287   0.0001042814   0.0000577677
        0.0166788852  -0.0019524366   0.0081989637  -0.0168053226   0.0043276321
       -0.0094588537   0.0000171780   0.0000159202   0.0000657546  -0.0020325561
        0.0282885215  -0.0325698466  -0.0014208430   0.0003791428   0.0013122159
        0.0000170617  -0.0000497791   0.0002335347   0.0003334257   0.0000035405
       -0.0001889583   0.0008561396  -0.0003220613   0.0003091252
        0.0016361152   0.0013013480   0.0000931202  -0.1706264363   0.0044711630
        0.1114803219   0.0009625049   0.0004198662  -0.0009378773   0.0000268104
       -0.0000081192   0.0000149565  -0.0016658457  -0.0020233951   0.0031558373
       -0.0001126206   0.0000204381  -0.0001217700   0.0002193796   0.0001543610
        0.0000352975   0.0009986936  -0.0003748088  -0.0009825587   0.1949713480
       -0.0044068951  -0.1309941998  -0.0278886495   0.0013829715   0.0185591593
       -0.0000374769   0.0000078007  -0.0000104976   0.0001381691  -0.0001931249
        0.0000261491  -0.0000968448   0.0000027747  -0.0000753773   0.0006391534
       -0.0007820567   0.0002319873  -0.0000629264  -0.0002423750  -0.0001159897
        0.0006982528  -0.0000228714  -0.0004052483   0.0000563729   0.0003264902
       -0.0001005121   0.0001052800  -0.0000193102  -0.0000159111   0.0000293865
       -0.0000201951   0.0001719889   0.0000709336  -0.0000120756   0.0000039430
       -0.0000223441   0.0000038718   0.0000389940  -0.0000128204   0.0000537125
       -0.0000292565  -0.0000264349  -0.0000395705  -0.0000225565
        0.0168924899  -0.0034001092  -0.0187813930   0.0045148092  -0.0422192428
       -0.0034997904  -0.0006347681   0.0007468545  -0.0000967237  -0.0000036051
       -0.0000832302  -0.0000007717  -0.0190805220  -0.0028162059   0.0198927177
       -0.0001132208   0.0000473483  -0.0002775313   0.0004702361  -0.0001581061
       -0.0000371511   0.0005205773   0.0006409379   0.0002870916  -0.0044068951
        0.0537698770   0.0043428779   0.0029716031   0.0010126160  -0.0019943776
        0.0000049793   0.0000386962   0.0000382840  -0.0004576033   0.0000228249
        0.0000541086   0.0001293621  -0.0000179656   0.0002682872  -0.0004686097
       -0.0045977002   0.0039571868  -0.0004496821   0.0005383004   0.0001362615
       -0.0004103673  -0.0037505695  -0.0040923374   0.0005283106   0.0003614713
       -0.0001420798  -0.0000258750  -0.0001144143  -0.0000036462  -0.0000026030
       -0.0001124233  -0.0000393157  -0.0000082095   0.0000598306  -0.0000063584
        0.0000076860   0.0000514592  -0.0000019239  -0.0000235941  -0.0000230672
       -0.0001075888   0.0000455014   0.0000028180   0.0001041739
        0.0149392301  -0.0046884973  -0.0167930580   0.1108512779  -0.0034214906
       -0.1449432098   0.0006572812  -0.0005192507   0.0003693777  -0.0001144997
        0.0000074632  -0.0000592052   0.0136064719   0.0036814639  -0.0140727134
       -0.0000252070  -0.0001335321   0.0002704908  -0.0005355318   0.0003979037
        0.0000007147   0.0008262943   0.0004271112   0.0004364903  -0.1309941998
        0.0043428779   0.1704854392  -0.0091253059   0.0003433727   0.0084824044
        0.0000135370   0.0000263177  -0.0004242573  -0.0006540803  -0.0002941404
        0.0000371249   0.0000129956   0.0001063143   0.0003143691   0.0006878272
        0.0037294472  -0.0021436100  -0.0001118464  -0.0003535947   0.0005727751
        0.0000355498  -0.0039847182  -0.0030382266   0.0000062176   0.0003278459
        0.0005601609   0.0000476406  -0.0000086620  -0.0000966282   0.0000476306
       -0.0000233308   0.0000854098  -0.0001459217   0.0000381152  -0.0002188758
       -0.0000267643   0.0000118576  -0.0000136882  -0.0000134811  -0.0000630289
        0.0000835099   0.0000148842   0.0000501549   0.0001052058
       -0.0060766774  -0.0011235176  -0.0043759025  -0.2206058749   0.0204652039
       -0.0925340182   0.0010463309   0.0011466525  -0.0006711930   0.0000609508
       -0.0000128946   0.0001093723  -0.0021013514   0.0016839537  -0.0019237999
       -0.0002536566   0.0000788182  -0.0003358946   0.0002587007  -0.0001689524
        0.0000095732   0.0006973862  -0.0018365445  -0.0014543513  -0.0278886495
        0.0029716031  -0.0091253059   0.2537896371  -0.0232769593   0.1096089563
        0.0002144532  -0.0000589458   0.0005356045   0.0003128001   0.0001041724
        0.0000313822  -0.0004873705  -0.0000333873  -0.0004904641   0.0005460691
       -0.0002594439   0.0000935374   0.0000240388   0.0002739932   0.0002496504
        0.0005689712   0.0002452593   0.0001676315  -0.0000550285  -0.0002268527
        0.0002510354  -0.0000382993   0.0000045231   0.0000332281   0.0000550299
        0.0000136340  -0.0002375301  -0.0000724036   0.0000133006   0.0000856795
        0.0000408793  -0.0000030072  -0.0000028400  -0.0000085911   0.0000532222
       -0.0000126043  -0.0000273446  -0.0000538309  -0.0000117468
       -0.0208612344  -0.0000876148  -0.0128375483   0.0204534713  -0.0426657427
        0.0108284848  -0.0000147653  -0.0044289180   0.0034778083  -0.0000132333
       -0.0000556607  -0.0000132694   0.0230133718  -0.0060165491   0.0142354345
        0.0013262830  -0.0005276183   0.0009030825  -0.0002201744  -0.0000575877
       -0.0000426363  -0.0008123830  -0.0032887930  -0.0035413036   0.0013829715
        0.0010126160   0.0003433727  -0.0232769593   0.0548053386  -0.0124837880
       -0.0000530332  -0.0001296773  -0.0000772753   0.0001733425  -0.0001174677
        0.0000325985  -0.0012234842  -0.0001903849  -0.0008006729   0.0001931690
        0.0005982643  -0.0002509424   0.0005125961   0.0002479980  -0.0000952803
       -0.0001417119   0.0005100644   0.0003024769  -0.0004508732   0.0003607591
        0.0000035252  -0.0000023688  -0.0000228864   0.0000021063   0.0000034423
        0.0000608885   0.0000234888   0.0000152499   0.0000260356  -0.0000172622
       -0.0000086917  -0.0000129125  -0.0000020483   0.0000264373  -0.0000206801
       -0.0000024544  -0.0000214218   0.0000005288   0.0000121029
       -0.0185269874  -0.0013448421  -0.0111942247  -0.0920487361   0.0107684016
       -0.0930739075   0.0003698530   0.0034379655  -0.0015106520   0.0000486560
       -0.0000063125   0.0000261642  -0.0154358131   0.0050536371  -0.0092641424
       -0.0009686447   0.0002654881  -0.0004933893  -0.0000024412   0.0000441077
       -0.0000267577  -0.0002821115  -0.0036645720  -0.0023345026   0.0185591593
       -0.0019943776   0.0084824044   0.1096089563  -0.0124837880   0.1089556013
        0.0003187011  -0.0000647022   0.0005060305   0.0000195033  -0.0000536417
       -0.0000328675  -0.0011539676  -0.0000545196  -0.0006161241  -0.0003647244
       -0.0001519917  -0.0001700795   0.0001177381  -0.0003670249   0.0004400346
       -0.0003430791   0.0002745965  -0.0000920769   0.0001446066   0.0003074701
        0.0005315021  -0.0000507246   0.0000072612  -0.0000225023   0.0001801774
       -0.0000034031  -0.0001440690  -0.0000983275   0.0000090756   0.0000005484
        0.0000278369   0.0000028598   0.0000212379  -0.0000566900   0.0000603825
        0.0000020019  -0.0000629409  -0.0000420704   0.0000097701
       -0.0052885320   0.0215808673  -0.0120120552   0.0024303554  -0.0003893427
        0.0018293680  -0.0780114792  -0.0311578496  -0.0186073770  -0.2504650305
        0.0194367133  -0.0204588796  -0.0098877363  -0.0186714166  -0.0147093790
        0.0004034424  -0.0030612767  -0.0010324048   0.0024041913   0.0137199070
        0.0096047759  -0.0699611296   0.0217545682  -0.0092784301  -0.0000374769
        0.0000049793   0.0000135370   0.0002144532  -0.0000530332   0.0003187011
        0.5084741480  -0.0096046929   0.0220749602   0.0002093115  -0.0159777610
        0.0089177686   0.0014225067  -0.0019280620   0.0008752338   0.0000971276
       -0.0002331484   0.0000105960  -0.0044107553   0.0001696258  -0.0027849406
        0.0002114506   0.0002780186   0.0000696756  -0.0045246240   0.0011274277
       -0.0029568331   0.0000203825  -0.0000020817  -0.0000862658  -0.0766885704
        0.0042951083  -0.0002693880  -0.0134003963  -0.0016286427   0.0352663656
       -0.0056509801   0.0006611637   0.0023060099   0.0012328249   0.0001841466
        0.0006713096   0.0012065166  -0.0005052182   0.0002376518
        0.0082795810  -0.0030988182   0.0049632055  -0.0003559936  -0.0009150360
       -0.0002250282  -0.0249026900  -0.1301708266  -0.0389535463   0.0193692846
       -0.0423519339   0.0017436126  -0.0061140082   0.0030816154  -0.0018555242
       -0.0080678075  -0.0267886596  -0.0122582483  -0.0023298453  -0.0060318733
       -0.0057457450   0.0155600875  -0.1472248409   0.0353098605   0.0000078007
        0.0000386962   0.0000263177  -0.0000589458  -0.0001296773  -0.0000647022
       -0.0096046929   0.4338341876  -0.0019758549   0.0012126125  -0.0064156795
        0.0048013022   0.0028879508  -0.0273380017   0.0084805744  -0.0001916797
        0.0003968921  -0.0001442390   0.0013441265   0.0010869108   0.0014730070
        0.0001427066   0.0003534254   0.0001197070  -0.0001595760   0.0012863693
       -0.0007999819   0.0000052755  -0.0000079671   0.0000076477   0.0035902913
       -0.0446825810   0.0094979108  -0.0010913606  -0.0059644822  -0.0040717818
        0.0005531509   0.0004131613  -0.0001989665  -0.0005556263   0.0003877463
        0.0014697896   0.0004793580   0.0002413730  -0.0015993166
       -0.0060513174   0.0099079983  -0.0067247831   0.0011632444  -0.0001723944
        0.0001356056  -0.0173272455  -0.0405719326  -0.0848088138  -0.0193233910
        0.0015422102  -0.0376719496  -0.0083423053  -0.0078018726  -0.0080534178
        0.0046844756   0.0130671446   0.0074705552  -0.0036912879  -0.0187993839
       -0.0136866146  -0.0088738125   0.0368862151  -0.0771684846  -0.0000104976
        0.0000382840  -0.0004242573   0.0005356045  -0.0000772753   0.0005060305
        0.0220749602  -0.0019758549   0.4147433098  -0.0001807127   0.0199566172
       -0.0111822221   0.0026417394  -0.0174219349   0.0069872828   0.0006255922
        0.0001776316   0.0004786708  -0.0017069200   0.0004083977   0.0002606024
        0.0006269298  -0.0002655652   0.0005168076  -0.0018459972   0.0000342045
        0.0000836141  -0.0001531436   0.0000131155   0.0000405595   0.0138110747
        0.0073217902  -0.1851179757   0.0218596276  -0.0022869084  -0.0094805359
        0.0012973684  -0.0001866428   0.0009618588  -0.0009922828  -0.0011154636
        0.0011047793  -0.0008217035   0.0013216198   0.0010293780
       -0.0286540614  -0.0021887511   0.0169517360   0.0005660412   0.0003953702
        0.0008762420   0.0001750484  -0.0000030067  -0.0000729518   0.0012843132
        0.0011974400  -0.0015180040  -0.0000219140  -0.0001852319  -0.0000035104
       -0.0000401302   0.0000381016  -0.0000944816   0.0001639417  -0.0001829167
       -0.0001025537  -0.1580413163  -0.0208348069   0.1135021590   0.0001381691
       -0.0004576033  -0.0006540803   0.0003128001   0.0001733425   0.0000195033
        0.0002093115   0.0012126125  -0.0001807127   0.1885905760   0.0188544113
       -0.1274325068   0.0006776145   0.0008235011   0.0016539705   0.0000229343
        0.0001849012  -0.0000938619  -0.0000363433   0.0000325223  -0.0000591781
       -0.0064405318   0.0005368418  -0.0028797426   0.0005319997   0.0000600881
        0.0005692096  -0.0005433788   0.0002221094   0.0001884630   0.0006430210
        0.0000803680  -0.0003588371   0.0005151529   0.0000299854  -0.0001541613
        0.0000292150   0.0000146134  -0.0000271740  -0.0000406336   0.0000669465
       -0.0000409380  -0.0000418292  -0.0000708386  -0.0000885892
        0.0009047631   0.0007203706  -0.0000497291  -0.0005727298   0.0003482269
        0.0004509329   0.0000513600  -0.0004770870   0.0000827682  -0.0009883029
        0.0004521503   0.0013259583  -0.0001033534  -0.0000750554  -0.0000665323
        0.0001683002   0.0000102005  -0.0001174267   0.0001133688  -0.0004484265
       -0.0001199832  -0.0208881428  -0.0466100526   0.0168110526  -0.0001931249
        0.0000228249  -0.0002941404   0.0001041724  -0.0001174677  -0.0000536417
       -0.0159777610  -0.0064156795   0.0199566172   0.0188544113   0.0550983784
       -0.0241280228   0.0162282011   0.0017124382  -0.0184611894   0.0001377224
       -0.0000491457   0.0000119869   0.0000366698  -0.0000603470   0.0000382542
        0.0005047511   0.0008428191  -0.0000704557   0.0010143882   0.0001548182
       -0.0003125038   0.0001759540  -0.0002763518  -0.0001025091   0.0002415953
       -0.0047313416   0.0051980139   0.0002600795  -0.0002098957   0.0000129363
       -0.0000845126   0.0000453810  -0.0000096253  -0.0000272837   0.0000469973
       -0.0000144270   0.0000394740   0.0000162450  -0.0000883341
       -0.0082728968  -0.0013395274   0.0073428731  -0.0009172853   0.0002696818
        0.0007961946   0.0000272496  -0.0000329714   0.0001223384   0.0002502611
        0.0004209357  -0.0005704757   0.0001003576  -0.0001466455  -0.0000384340
       -0.0001025571  -0.0000118026  -0.0000158422  -0.0000685231   0.0000635678
        0.0001648071   0.1128632968   0.0172130467  -0.1522605733   0.0000261491
        0.0000541086   0.0000371249   0.0000313822   0.0000325985  -0.0000328675
        0.0089177686   0.0048013022  -0.0111822221  -0.1274325068  -0.0241280228
        0.1785639758   0.0178410967  -0.0004926386  -0.0202760253  -0.0000280067
        0.0000149614  -0.0001025462  -0.0000445605   0.0000677948  -0.0000329285
       -0.0024572500  -0.0001283014   0.0000471946  -0.0003894972  -0.0003071231
        0.0009059213   0.0002986297  -0.0001805965  -0.0002813367   0.0001358290
        0.0036889656  -0.0033959335  -0.0003307688   0.0002306665   0.0000089041
        0.0000005682  -0.0000501642   0.0000352880  -0.0000677014   0.0000471959
        0.0000029863  -0.0003810349  -0.0000870321   0.0001615770
       -0.0059164212  -0.0193128673  -0.0206467224  -0.0048916025   0.0005675042
       -0.0028900725   0.0002607108   0.0001809038  -0.0004349758  -0.0001872314
        0.0001009543   0.0000427306   0.0001214705   0.0000950857   0.0000890946
        0.0000737973   0.0001886711   0.0000099537  -0.0000571195  -0.0001445370
       -0.0001104887  -0.0443969625  -0.0157398686  -0.0137988663  -0.0000968448
        0.0001293621   0.0000129956  -0.0004873705  -0.0012234842  -0.0011539676
        0.0014225067   0.0028879508   0.0026417394   0.0006776145   0.0162282011
        0.0178410967   0.0530055514   0.0174328245   0.0182305476  -0.0000534069
        0.0000213045  -0.0000497758  -0.0000101682   0.0000442020   0.0000070928
        0.0006141090  -0.0005913578  -0.0001212018   0.0003955908  -0.0000617279
        0.0001070441   0.0000218575  -0.0000522662  -0.0000644351  -0.0001268194
       -0.0003745212   0.0000109243   0.0004655469  -0.0005225537   0.0000598672
       -0.0000673705   0.0001620709  -0.0000800608  -0.0001229929   0.0001288094
       -0.0000270038  -0.0006444452  -0.0001446605   0.0003244840
       -0.0006350535   0.0000204404  -0.0011629340  -0.0005136680   0.0010786081
       -0.0000944932   0.0015679791  -0.0045836344   0.0031695997   0.0001158814
       -0.0002350400  -0.0001372624   0.0002868865   0.0005089529   0.0001117162
       -0.0004541238  -0.0014773388  -0.0006883147  -0.0000230497   0.0000160292
        0.0000255137  -0.0160709146  -0.1606629911  -0.1131880688   0.0000027747
       -0.0000179656   0.0001063143  -0.0000333873  -0.0001903849  -0.0000545196
       -0.0019280620  -0.0273380017  -0.0174219349   0.0008235011   0.0017124382
       -0.0004926386   0.0174328245   0.1881960189   0.1307177547  -0.0000286532
       -0.0000565245   0.0000261239   0.0000621444   0.0000392233   0.0000716437
       -0.0000631112   0.0000549727   0.0001828399   0.0001114644   0.0003033496
        0.0000951810   0.0000392465  -0.0000262342   0.0000120922  -0.0003174628
        0.0028863461  -0.0014897475   0.0000377503  -0.0004854220   0.0000958087
       -0.0000295252   0.0000278918  -0.0000336004   0.0001248078   0.0001074573
       -0.0000305906  -0.0005082494   0.0001218088   0.0001795166
       -0.0041260352  -0.0104681594  -0.0110109987  -0.0034525422   0.0006445153
       -0.0011073180   0.0000679304   0.0019637627  -0.0005415586   0.0001157817
       -0.0001393881  -0.0001181480   0.0001382295   0.0000977536  -0.0000052829
        0.0000643025   0.0004901505   0.0002583273  -0.0000755535   0.0001411553
       -0.0000013609  -0.0137822137  -0.1134211388  -0.1500270619  -0.0000753773
        0.0002682872   0.0003143691  -0.0004904641  -0.0008006729  -0.0006161241
        0.0008752338   0.0084805744   0.0069872828   0.0016539705  -0.0184611894
       -0.0202760253   0.0182305476   0.1307177547   0.1742019395  -0.0000392048
        0.0000092409  -0.0000088795  -0.0000021610   0.0000459822   0.0000015319
        0.0004621953   0.0000975774   0.0006718058   0.0001043090   0.0000677507
       -0.0003255889   0.0000335505   0.0000424716  -0.0000145890   0.0000042437
       -0.0000765094   0.0017993784   0.0002501030   0.0002927934  -0.0002275268
       -0.0000354684  -0.0000000746  -0.0000413372  -0.0001008328  -0.0000498848
       -0.0000237314   0.0001794553   0.0000572475   0.0001108964
        0.0002288473   0.0004452598  -0.0001514530  -0.0014643695  -0.0016410110
        0.0032451789  -0.0256257878   0.0027165042   0.0167121205   0.0002271372
       -0.0000117742  -0.0000321213  -0.1691014731   0.0040646292   0.1139761391
        0.0007443552  -0.0000878598   0.0004374502  -0.0063587822   0.0009699056
       -0.0024157880  -0.0000671629  -0.0001666659  -0.0000543490   0.0006391534
       -0.0004686097   0.0006878272   0.0005460691   0.0001931690  -0.0003647244
        0.0000971276  -0.0001916797   0.0006255922   0.0000229343   0.0001377224
       -0.0000280067  -0.0000534069  -0.0000286532  -0.0000392048   0.1974002485
       -0.0066301626  -0.1317774598   0.0017670193   0.0008224218   0.0003363354
        0.0002145258  -0.0003949967  -0.0001340150   0.0000716237   0.0001209628
       -0.0001285858  -0.0000157547  -0.0000184339   0.0000005540  -0.0000611922
        0.0001354319  -0.0004124751  -0.0003262364  -0.0003320553   0.0003517386
        0.0001714714   0.0001233536   0.0002397370   0.0008347247   0.0002937080
       -0.0010353087   0.0001089281  -0.0000511662  -0.0000391813
       -0.0008198375   0.0009175417   0.0012317338  -0.0189362798  -0.0028222942
        0.0196104505   0.0034757865   0.0001085174  -0.0017131511   0.0000088855
       -0.0000836338   0.0000616238   0.0044497136  -0.0435829951  -0.0064629172
        0.0005429448   0.0000336653  -0.0002567833   0.0010268282   0.0006986507
        0.0006310709  -0.0000857744  -0.0000919709  -0.0002357798  -0.0007820567
       -0.0045977002   0.0037294472  -0.0002594439   0.0005982643  -0.0001519917
       -0.0002331484   0.0003968921   0.0001776316   0.0001849012  -0.0000491457
        0.0000149614   0.0000213045  -0.0000565245   0.0000092409  -0.0066301626
        0.0514401744   0.0041146297   0.0177914927  -0.0027247668  -0.0195731721
        0.0002358483  -0.0006751393  -0.0002945021   0.0001517832   0.0002195700
       -0.0000875338   0.0000183326  -0.0000197142   0.0000068769  -0.0000379673
       -0.0000721659   0.0000428081   0.0000384715   0.0000885066  -0.0002120449
        0.0000560640  -0.0000620346   0.0000379891  -0.0001232752   0.0007731108
       -0.0005008831  -0.0000944107  -0.0004368080  -0.0001797048
       -0.0003798058  -0.0009888707   0.0008371128   0.0139444513   0.0039466186
       -0.0151832007  -0.0090038901   0.0005810030   0.0082381764   0.0000456497
       -0.0000170541  -0.0001523436   0.1143427722  -0.0063723810  -0.1454054825
       -0.0001284147  -0.0002479206   0.0006771215  -0.0028196419   0.0006451464
        0.0001479789   0.0000204751   0.0000343056  -0.0000039585   0.0002319873
        0.0039571868  -0.0021436100   0.0000935374  -0.0002509424  -0.0001700795
        0.0000105960  -0.0001442390   0.0004786708  -0.0000938619   0.0000119869
       -0.0001025462  -0.0000497758   0.0000261239  -0.0000088795  -0.1317774598
        0.0041146297   0.1731190375   0.0164011359  -0.0044386151  -0.0174892646
       -0.0000661767   0.0001789857   0.0005109437  -0.0001500817  -0.0002896300
       -0.0000436916   0.0000599888   0.0000180399  -0.0000072788   0.0002684339
        0.0002414230   0.0002409003  -0.0009671429  -0.0009546608  -0.0014668592
        0.0000519078   0.0001034007  -0.0001702549  -0.0001250416  -0.0001453788
       -0.0020204136   0.0000903576  -0.0000091576   0.0001179214
        0.0007352170   0.0001993679   0.0001143850   0.0006472860  -0.0008483535
       -0.0001644933  -0.0093407924  -0.0203216249  -0.0196994013  -0.0007651963
       -0.0009067685  -0.0005145791  -0.0470855681  -0.0237848875  -0.0160534998
        0.0003687734  -0.0001160123   0.0000710105   0.0003347023  -0.0010474554
       -0.0004916571   0.0001418794   0.0002591961   0.0000567287  -0.0000629264
       -0.0004496821  -0.0001118464   0.0000240388   0.0005125961   0.0001177381
       -0.0044107553   0.0013441265  -0.0017069200  -0.0000363433   0.0000366698
       -0.0000445605  -0.0000101682   0.0000621444  -0.0000021610   0.0017670193
        0.0177914927   0.0164011359   0.0574127339   0.0274941733   0.0229490809
        0.0000340165  -0.0001044208  -0.0001080046   0.0000613131   0.0000392012
       -0.0001367163   0.0000576135   0.0000170878  -0.0000120636  -0.0000317576
       -0.0003566737  -0.0009811474  -0.0000247488   0.0000000892   0.0003724449
        0.0000865380   0.0000690377   0.0000768027   0.0001057896   0.0002151730
       -0.0001166433  -0.0000086644  -0.0001044770  -0.0000156329
       -0.0000371793  -0.0054171048   0.0039624743  -0.0033245409  -0.0260297060
       -0.0144072606  -0.0008292818   0.0015191951  -0.0002935021  -0.0000379769
       -0.0000782733   0.0000183610  -0.0239533866  -0.1773830541  -0.1098213308
        0.0000408853   0.0002971166  -0.0000067641  -0.0001676068   0.0003087207
        0.0002855089   0.0002139721   0.0003739898   0.0001042814  -0.0002423750
        0.0005383004  -0.0003535947   0.0002739932   0.0002479980  -0.0003670249
        0.0001696258   0.0010869108   0.0004083977   0.0000325223  -0.0000603470
        0.0000677948   0.0000442020   0.0000392233   0.0000459822   0.0008224218
       -0.0027247668  -0.0044386151   0.0274941733   0.2090400773   0.1256482980
       -0.0000738023   0.0002157462   0.0003579491  -0.0003409982  -0.0018009595
       -0.0008673703  -0.0000129290  -0.0000290831   0.0000190683  -0.0000017053
       -0.0000869041  -0.0003119380  -0.0000634913   0.0000767569   0.0000251109
        0.0000132997  -0.0000122776  -0.0000085245  -0.0000432151  -0.0001415602
       -0.0001424912   0.0000233930   0.0000200013   0.0000751896
        0.0001596771   0.0025413264  -0.0005062680   0.0018728954   0.0122450018
        0.0083793623  -0.0065096217  -0.0122702320  -0.0113599935  -0.0005926186
       -0.0006383734  -0.0004275077  -0.0163205705  -0.1104491458  -0.1304443998
        0.0001079376  -0.0000201975  -0.0003624290   0.0005924632   0.0001228324
        0.0009999008   0.0002043740   0.0001117492   0.0000577677  -0.0001159897
        0.0001362615   0.0005727751   0.0002496504  -0.0000952803   0.0004400346
       -0.0027849406   0.0014730070   0.0002606024  -0.0000591781   0.0000382542
       -0.0000329285   0.0000070928   0.0000716437   0.0000015319   0.0003363354
       -0.0195731721  -0.0174892646   0.0229490809   0.1256482980   0.1505561065
       -0.0001233429   0.0001377341   0.0000030386  -0.0000284104   0.0006467198
        0.0003950241  -0.0000508489   0.0000080806  -0.0000172779   0.0000610952
       -0.0000687691  -0.0006360913   0.0002167958   0.0002104356  -0.0002162605
       -0.0000883675  -0.0000554464  -0.0000776555  -0.0000789575  -0.0003606843
       -0.0001587042  -0.0000045516   0.0001399566   0.0000626367
       -0.1686699697   0.0030264400   0.1147293402   0.0017650231   0.0009250338
        0.0001883491  -0.0000330670   0.0001627394  -0.0000034288   0.0002280025
       -0.0000515528  -0.0000373786   0.0003273733  -0.0003067965  -0.0004001971
       -0.0000553806   0.0000338731  -0.0000376168  -0.0000213946  -0.0001375633
       -0.0000499867  -0.0259278135  -0.0002541090   0.0166788852   0.0006982528
       -0.0004103673   0.0000355498   0.0005689712  -0.0001417119  -0.0003430791
        0.0002114506   0.0001427066   0.0006269298  -0.0064405318   0.0005047511
       -0.0024572500   0.0006141090  -0.0000631112   0.0004621953   0.0002145258
        0.0002358483  -0.0000661767   0.0000340165  -0.0000738023  -0.0001233429
        0.1972633161  -0.0019180256  -0.1319790262  -0.0014636076  -0.0014746861
        0.0034783702  -0.0000253899   0.0000196491   0.0000146715  -0.0001065348
       -0.0000567206  -0.0004309905  -0.0001563506   0.0003925792   0.0004713097
        0.0001338005  -0.0002305129   0.0002385742   0.0001654849   0.0000248712
       -0.0000199827   0.0006757137  -0.0003495321  -0.0009757190
        0.0024963886  -0.0440132026  -0.0003562777   0.0166413790  -0.0033071930
       -0.0184513932   0.0000682478  -0.0001496922   0.0002209681  -0.0000657486
       -0.0000681138  -0.0000482286   0.0009709775   0.0008482572  -0.0011865267
       -0.0000190797  -0.0000531825  -0.0000043972  -0.0001646043   0.0000051928
        0.0000004332   0.0019133856   0.0005442711  -0.0019524366  -0.0000228714
       -0.0037505695  -0.0039847182   0.0002452593   0.0005100644   0.0002745965
        0.0002780186   0.0003534254  -0.0002655652   0.0005368418   0.0008428191
       -0.0001283014  -0.0005913578   0.0000549727   0.0000975774  -0.0003949967
       -0.0006751393   0.0001789857  -0.0001044208   0.0002157462   0.0001377341
       -0.0019180256   0.0507896097   0.0034864062  -0.0199467013  -0.0022217715
        0.0209031308  -0.0000372712  -0.0000084597   0.0000093555   0.0000473517
       -0.0000840382  -0.0000393648   0.0000475543   0.0001224352   0.0002855959
       -0.0000950727  -0.0000598085  -0.0000478753  -0.0000405771  -0.0005888480
        0.0002179930   0.0001553229   0.0006932251   0.0006523084
        0.1152091606  -0.0006148329  -0.1461061977   0.0151836143  -0.0048340644
       -0.0179156814   0.0000232747  -0.0000587821   0.0000127545   0.0000451571
        0.0000161043  -0.0001539046  -0.0001093553   0.0010271573   0.0008230188
       -0.0000598768  -0.0000139710  -0.0000096704  -0.0001125131   0.0000162738
       -0.0000966676  -0.0089390529   0.0000344516   0.0081989637  -0.0004052483
       -0.0040923374  -0.0030382266   0.0001676315   0.0003024769  -0.0000920769
        0.0000696756   0.0001197070   0.0005168076  -0.0028797426  -0.0000704557
        0.0000471946  -0.0001212018   0.0001828399   0.0006718058  -0.0001340150
       -0.0002945021   0.0005109437  -0.0001080046   0.0003579491   0.0000030386
       -0.1319790262   0.0034864062   0.1747197377   0.0147518239   0.0034093850
       -0.0146856297   0.0000574721  -0.0000246195  -0.0000031711   0.0002680146
       -0.0003339471   0.0001671909  -0.0007315357   0.0012609615  -0.0012913262
        0.0000126628  -0.0000871834  -0.0002226939   0.0000498547   0.0000536807
        0.0000628530  -0.0002587697   0.0001573024  -0.0021190627
       -0.0429485408   0.0004392186   0.0026133531   0.0005992417  -0.0037335414
        0.0017290753   0.0000702199  -0.0002077398   0.0000164974  -0.0005671068
        0.0010464275  -0.0004172308   0.0005509735  -0.0011268641  -0.0006635950
       -0.0000319956  -0.0000526694  -0.0000137069  -0.0000329097  -0.0000333027
       -0.0000642552  -0.0054601111   0.0235085868  -0.0168053226   0.0000563729
        0.0005283106   0.0000062176  -0.0000550285  -0.0004508732   0.0001446066
       -0.0045246240  -0.0001595760  -0.0018459972   0.0005319997   0.0010143882
       -0.0003894972   0.0003955908   0.0001114644   0.0001043090   0.0000716237
        0.0001517832  -0.0001500817   0.0000613131  -0.0003409982  -0.0000284104
       -0.0014636076  -0.0199467013   0.0147518239   0.0525506592  -0.0009430255
        0.0015033439   0.0000272853  -0.0000293217  -0.0000097617  -0.0000024516
        0.0004637067  -0.0008157013   0.0000519708  -0.0000381888   0.0003766722
        0.0000691783  -0.0000816203   0.0000686018   0.0000072908   0.0001491964
       -0.0000219034   0.0000426559  -0.0002686598  -0.0000890376
        0.0006578236  -0.2067088542   0.1019906623  -0.0011707031  -0.0256722295
        0.0102397562  -0.0001822710   0.0004676266  -0.0000623644   0.0001727907
       -0.0003295436   0.0000832310  -0.0008723835  -0.0044491101  -0.0043767532
       -0.0000344817   0.0000752956  -0.0000142313  -0.0000196767  -0.0000409900
       -0.0000482428   0.0024387196  -0.0042381837   0.0043276321   0.0003264902
        0.0003614713   0.0003278459  -0.0002268527   0.0003607591   0.0003074701
        0.0011274277   0.0012863693   0.0000342045   0.0000600881   0.0001548182
       -0.0003071231  -0.0000617279   0.0003033496   0.0000677507   0.0001209628
        0.0002195700  -0.0002896300   0.0000392012  -0.0018009595   0.0006467198
       -0.0014746861  -0.0022217715   0.0034093850  -0.0009430255   0.2424155182
       -0.1168365905   0.0000007358  -0.0000278886  -0.0000166856  -0.0000153657
       -0.0001958355   0.0004885006   0.0000704954   0.0000971509  -0.0000568459
       -0.0000182429   0.0000251938   0.0000015640   0.0000007509   0.0000439645
       -0.0000689303   0.0000039311  -0.0001257210   0.0001526750
        0.0024794913   0.1026410709  -0.1059379935  -0.0003299602  -0.0163885302
        0.0082056516   0.0001588444  -0.0001036419   0.0000353744  -0.0004513520
        0.0007414296  -0.0003463869  -0.0003582683  -0.0030051102  -0.0013056672
       -0.0000192540  -0.0000583882  -0.0000006803  -0.0000692432  -0.0000281727
       -0.0000363212  -0.0040716922   0.0140599499  -0.0094588537  -0.0001005121
       -0.0001420798   0.0005601609   0.0002510354   0.0000035252   0.0005315021
       -0.0029568331  -0.0007999819   0.0000836141   0.0005692096  -0.0003125038
        0.0009059213   0.0001070441   0.0000951810  -0.0003255889  -0.0001285858
       -0.0000875338  -0.0000436916  -0.0001367163  -0.0008673703   0.0003950241
        0.0034783702   0.0209031308  -0.0146856297   0.0015033439  -0.1168365905
        0.1223981901  -0.0000418594  -0.0000040235  -0.0000158953   0.0001188157
        0.0001175782  -0.0005460584   0.0000957526  -0.0001762232  -0.0002758177
       -0.0000805740   0.0000688031  -0.0000643224  -0.0000424661  -0.0001918985
        0.0000532072   0.0000254095   0.0003713799  -0.0001257388
        0.0000341811  -0.0000380076   0.0000184262  -0.0000334204   0.0000116412
        0.0000651591  -0.0000617664   0.0001131461   0.0000196770  -0.0004055986
        0.0000568145   0.0002090465   0.0000522869   0.0000397489   0.0000077121
        0.0000490287  -0.0000547477   0.0000079832  -0.0007564964  -0.0000660370
        0.0003376479  -0.0000883996  -0.0000602558   0.0000171780   0.0001052800
       -0.0000258750   0.0000476406  -0.0000382993  -0.0000023688  -0.0000507246
        0.0000203825   0.0000052755  -0.0001531436  -0.0005433788   0.0001759540
        0.0002986297   0.0000218575   0.0000392465   0.0000335505  -0.0000157547
        0.0000183326   0.0000599888   0.0000576135  -0.0000129290  -0.0000508489
       -0.0000253899  -0.0000372712   0.0000574721   0.0000272853   0.0000007358
       -0.0000418594   0.0016622555  -0.0001450105  -0.0009293324  -0.0000207300
        0.0000108889   0.0000709942  -0.0000403919  -0.0000015271   0.0000224928
        0.0000195293  -0.0000158143   0.0000247814  -0.0000046726  -0.0000056939
       -0.0000347752  -0.0000154015  -0.0000062461  -0.0000376961
        0.0000096082   0.0000797910   0.0000463617   0.0000150139   0.0001272205
       -0.0000028180  -0.0000181039   0.0001455563  -0.0000097260   0.0000377529
       -0.0001712661  -0.0000417886  -0.0000193342   0.0000800332  -0.0000472802
        0.0000538833  -0.0000186489  -0.0000452704  -0.0001502047  -0.0001961667
        0.0000972694   0.0000468176   0.0001546105   0.0000159202  -0.0000193102
       -0.0001144143  -0.0000086620   0.0000045231  -0.0000228864   0.0000072612
       -0.0000020817  -0.0000079671   0.0000131155   0.0002221094  -0.0002763518
       -0.0001805965  -0.0000522662  -0.0000262342   0.0000424716  -0.0000184339
       -0.0000197142   0.0000180399   0.0000170878  -0.0000290831   0.0000080806
        0.0000196491  -0.0000084597  -0.0000246195  -0.0000293217  -0.0000278886
       -0.0000040235  -0.0001450105   0.0002527267   0.0001243022   0.0000219022
        0.0001023916  -0.0000082603   0.0000025235  -0.0000059485  -0.0000088824
       -0.0000029927  -0.0000136902  -0.0000009264  -0.0000014194  -0.0000044236
        0.0000144765   0.0000076080   0.0000008138  -0.0000044452
        0.0000282579   0.0000477355   0.0000665862   0.0000295514   0.0000022516
        0.0000578568   0.0001608388  -0.0000425887   0.0000688551   0.0003382250
       -0.0000626888  -0.0003182132   0.0000081185  -0.0000532632   0.0000614228
       -0.0000760204  -0.0000170246  -0.0000191591   0.0002061041   0.0000246279
       -0.0002455933   0.0001620720   0.0000117650   0.0000657546  -0.0000159111
       -0.0000036462  -0.0000966282   0.0000332281   0.0000021063  -0.0000225023
       -0.0000862658   0.0000076477   0.0000405595   0.0001884630  -0.0001025091
       -0.0002813367  -0.0000644351   0.0000120922  -0.0000145890   0.0000005540
        0.0000068769  -0.0000072788  -0.0000120636   0.0000190683  -0.0000172779
        0.0000146715   0.0000093555  -0.0000031711  -0.0000097617  -0.0000166856
       -0.0000158953  -0.0009293324   0.0001243022   0.0006548984  -0.0000270827
        0.0000100726  -0.0000232973   0.0000587332   0.0000068957   0.0000325320
       -0.0000165442   0.0000075138  -0.0000052997   0.0000082253   0.0000331867
        0.0000182605   0.0000003742  -0.0000270916   0.0000035159
       -0.0002311329   0.0000026182  -0.0005879786   0.0000420341  -0.0000110217
       -0.0003891945   0.0067670814   0.0014277278  -0.0060347825  -0.0211755458
       -0.0000345700   0.0374056686  -0.0002031459   0.0000575335  -0.0006248378
        0.0001477554   0.0009085511   0.0000119048   0.0004808480  -0.0009602883
       -0.0006087193   0.0050598613  -0.0023806439  -0.0020325561   0.0000293865
       -0.0000026030   0.0000476306   0.0000550299   0.0000034423   0.0001801774
       -0.0766885704   0.0035902913   0.0138110747   0.0006430210   0.0002415953
        0.0001358290  -0.0001268194  -0.0003174628   0.0000042437  -0.0000611922
       -0.0000379673   0.0002684339  -0.0000317576  -0.0000017053   0.0000610952
       -0.0001065348   0.0000473517   0.0002680146  -0.0000024516  -0.0000153657
        0.0001188157  -0.0000207300   0.0000219022  -0.0000270827   0.3794815260
       -0.0350062468  -0.0666930577  -0.2060491942   0.0212400152   0.0039413641
       -0.0091734193   0.0005138704   0.0104763999  -0.0445111934  -0.0063422155
        0.0050820128  -0.0343248562   0.0170551916   0.0051855442
       -0.0003105094  -0.0003025320   0.0007762783   0.0000099902   0.0001040386
        0.0000242563   0.0058333858   0.0001203757  -0.0236618608   0.0017308160
        0.0012389209  -0.0031110398   0.0002550017  -0.0001168759  -0.0005268549
        0.0007916548   0.0022628495   0.0000959924  -0.0007366439  -0.0035141126
       -0.0037066791  -0.0076594814  -0.0024919089   0.0282885215  -0.0000201951
       -0.0001124233  -0.0000233308   0.0000136340   0.0000608885  -0.0000034031
        0.0042951083  -0.0446825810   0.0073217902   0.0000803680  -0.0047313416
        0.0036889656  -0.0003745212   0.0028863461  -0.0000765094   0.0001354319
       -0.0000721659   0.0002414230  -0.0003566737  -0.0000869041  -0.0000687691
       -0.0000567206  -0.0000840382  -0.0003339471   0.0004637067  -0.0001958355
        0.0001175782   0.0000108889   0.0001023916   0.0000100726  -0.0350062468
        0.0918790233  -0.0085877067   0.0202367426  -0.0472909060   0.0016278402
       -0.0015667162   0.0013414135  -0.0001535653  -0.0206282756   0.0062228585
        0.0053027350   0.0328592550  -0.0025374812  -0.0072417871
        0.0006593805   0.0009199553  -0.0006040578  -0.0002247549  -0.0000192076
        0.0006362956   0.0065653266  -0.0079108074  -0.0368301234   0.0130447804
       -0.0004662689  -0.0115051506   0.0005218775  -0.0010545519  -0.0008592437
        0.0003092163   0.0015976548   0.0018765650  -0.0012195055  -0.0050833364
       -0.0043632031   0.0077625044   0.0102648368  -0.0325698466   0.0001719889
       -0.0000393157   0.0000854098  -0.0002375301   0.0000234888  -0.0001440690
       -0.0002693880   0.0094979108  -0.1851179757  -0.0003588371   0.0051980139
       -0.0033959335   0.0000109243  -0.0014897475   0.0017993784  -0.0004124751
        0.0000428081   0.0002409003  -0.0009811474  -0.0003119380  -0.0006360913
       -0.0004309905  -0.0000393648   0.0001671909  -0.0008157013   0.0004885006
       -0.0005460584   0.0000709942  -0.0000082603  -0.0000232973  -0.0666930577
       -0.0085877067   0.3540601187   0.0181545601  -0.0005584771  -0.0769672091
        0.0372755191  -0.0036651369  -0.0157816633  -0.0085393937   0.0037306658
        0.0059723702  -0.0043642910  -0.0025297155   0.0045056938
       -0.0001281736  -0.0002123100   0.0009172228  -0.0002551004   0.0000288728
        0.0002489498   0.0005761003  -0.0000030274  -0.0017075426   0.0004729421
       -0.0000249708   0.0032720571   0.0000652234   0.0002042030   0.0011628810
        0.0005382394  -0.0004221246   0.0001786256   0.0004337481  -0.0003037081
       -0.0004014978   0.0002322187   0.0002643436  -0.0014208430   0.0000709336
       -0.0000082095  -0.0001459217  -0.0000724036   0.0000152499  -0.0000983275
       -0.0134003963  -0.0010913606   0.0218596276   0.0005151529   0.0002600795
       -0.0003307688   0.0004655469   0.0000377503   0.0002501030  -0.0003262364
        0.0000384715  -0.0009671429  -0.0000247488  -0.0000634913   0.0002167958
       -0.0001563506   0.0000475543  -0.0007315357   0.0000519708   0.0000704954
        0.0000957526  -0.0000403919   0.0000025235   0.0000587332  -0.2060491942
        0.0202367426   0.0181545601   0.4092558755   0.0079664765   0.0352609396
       -0.0382116374  -0.0004263529  -0.0042297659  -0.0972128379  -0.0844193344
       -0.0508494567  -0.0568004806   0.0578021268  -0.0207934457
       -0.0000733645   0.0000579210  -0.0009944963   0.0000230104  -0.0002411334
       -0.0000746156   0.0012712696   0.0003685806  -0.0002616439  -0.0004424176
        0.0015267456   0.0004422375   0.0001316075   0.0000063645   0.0006570601
        0.0001090316  -0.0001697366  -0.0002734904  -0.0001660121  -0.0001272606
       -0.0001232969  -0.0013164956   0.0006499036   0.0003791428  -0.0000120756
        0.0000598306   0.0000381152   0.0000133006   0.0000260356   0.0000090756
       -0.0016286427  -0.0059644822  -0.0022869084   0.0000299854  -0.0002098957
        0.0002306665  -0.0005225537  -0.0004854220   0.0002927934  -0.0003320553
        0.0000885066  -0.0009546608   0.0000000892   0.0000767569   0.0002104356
        0.0003925792   0.0001224352   0.0012609615  -0.0000381888   0.0000971509
       -0.0001762232  -0.0000015271  -0.0000059485   0.0000068957   0.0212400152
       -0.0472909060  -0.0005584771   0.0079664765   0.4845288979  -0.0059709533
        0.0000060828  -0.0456405562   0.0201955617  -0.0856727675  -0.1630518240
       -0.0676575879   0.0590226524  -0.2244219637   0.0556094083
       -0.0007094449   0.0001670134   0.0001550446   0.0003109669  -0.0000280922
       -0.0001455886  -0.0000782407   0.0002490753   0.0010973425   0.0035563230
        0.0000387083  -0.0056563173  -0.0007243006  -0.0000937517   0.0003256222
        0.0000799045  -0.0001508647  -0.0002294988  -0.0002084640  -0.0001018976
       -0.0000350454  -0.0003301092  -0.0002669588   0.0013122159   0.0000039430
       -0.0000063584  -0.0002188758   0.0000856795  -0.0000172622   0.0000005484
        0.0352663656  -0.0040717818  -0.0094805359  -0.0001541613   0.0000129363
        0.0000089041   0.0000598672   0.0000958087  -0.0002275268   0.0003517386
       -0.0002120449  -0.0014668592   0.0003724449   0.0000251109  -0.0002162605
        0.0004713097   0.0002855959  -0.0012913262   0.0003766722  -0.0000568459
       -0.0002758177   0.0000224928  -0.0000088824   0.0000325320   0.0039413641
        0.0016278402  -0.0769672091   0.0352609396  -0.0059709533   0.5094266491
       -0.0097783135   0.0209385407  -0.2743938381  -0.0489690182  -0.0670996993
       -0.0817089550  -0.0192079591   0.0546447634  -0.0600452041
       -0.0000635278   0.0001396496  -0.0000716643   0.0000884324   0.0000023333
       -0.0000530796  -0.0000825282   0.0000417827   0.0000631766  -0.0008519412
        0.0000153710   0.0013442733  -0.0001166885  -0.0001288789  -0.0001474731
       -0.0000786008   0.0000443367  -0.0000222544   0.0000417234   0.0000817130
        0.0000381184  -0.0000551492   0.0000046218   0.0000170617  -0.0000223441
        0.0000076860  -0.0000267643   0.0000408793  -0.0000086917   0.0000278369
       -0.0056509801   0.0005531509   0.0012973684   0.0000292150  -0.0000845126
        0.0000005682  -0.0000673705  -0.0000295252  -0.0000354684   0.0001714714
        0.0000560640   0.0000519078   0.0000865380   0.0000132997  -0.0000883675
        0.0001338005  -0.0000950727   0.0000126628   0.0000691783  -0.0000182429
       -0.0000805740   0.0000195293  -0.0000029927  -0.0000165442  -0.0091734193
       -0.0015667162   0.0372755191  -0.0382116374   0.0000060828  -0.0097783135
        0.0529778839  -0.0006971664  -0.0035740092  -0.0000180436   0.0004461320
       -0.0169071257   0.0007335792   0.0012195756  -0.0093268550
        0.0001568408  -0.0001265003   0.0002612125  -0.0000210797   0.0000592145
        0.0000323805  -0.0000380061   0.0000531783   0.0000303516   0.0001004328
        0.0000627070  -0.0001451868  -0.0001293789  -0.0000593411  -0.0002555888
       -0.0000799148   0.0000200328  -0.0000150636  -0.0000059269   0.0000046694
        0.0000380103   0.0000571845   0.0000770295  -0.0000497791   0.0000038718
        0.0000514592   0.0000118576  -0.0000030072  -0.0000129125   0.0000028598
        0.0006611637   0.0004131613  -0.0001866428   0.0000146134   0.0000453810
       -0.0000501642   0.0001620709   0.0000278918  -0.0000000746   0.0001233536
       -0.0000620346   0.0001034007   0.0000690377  -0.0000122776  -0.0000554464
       -0.0002305129  -0.0000598085  -0.0000871834  -0.0000816203   0.0000251938
        0.0000688031  -0.0000158143  -0.0000136902   0.0000075138   0.0005138704
        0.0013414135  -0.0036651369  -0.0004263529  -0.0456405562   0.0209385407
       -0.0006971664   0.0481967249  -0.0229294874  -0.0020908758   0.0007768265
       -0.0243735074   0.0019572167  -0.0051677626   0.0303183308
       -0.0001801078   0.0000427706   0.0000131750   0.0000691510  -0.0000019405
        0.0000464496  -0.0000903125   0.0001797390   0.0002479947   0.0003746915
       -0.0000066627  -0.0005129753  -0.0001800002  -0.0000308689  -0.0000411781
       -0.0000683383   0.0000328945  -0.0000444656  -0.0000311609   0.0000101834
        0.0000396776  -0.0001185782  -0.0001889956   0.0002335347   0.0000389940
       -0.0000019239  -0.0000136882  -0.0000028400  -0.0000020483   0.0000212379
        0.0023060099  -0.0001989665   0.0009618588  -0.0000271740  -0.0000096253
        0.0000352880  -0.0000800608  -0.0000336004  -0.0000413372   0.0002397370
        0.0000379891  -0.0001702549   0.0000768027  -0.0000085245  -0.0000776555
        0.0002385742  -0.0000478753  -0.0002226939   0.0000686018   0.0000015640
       -0.0000643224   0.0000247814  -0.0000009264  -0.0000052997   0.0104763999
       -0.0001535653  -0.0157816633  -0.0042297659   0.0201955617  -0.2743938381
       -0.0035740092  -0.0229294874   0.3205110441  -0.0031391382  -0.0004625913
       -0.0178649981  -0.0021922574   0.0035769002  -0.0128758902
        0.0000665468   0.0000441192   0.0000359491   0.0000235546   0.0000311442
        0.0000997516   0.0004473209   0.0001882823   0.0009146673   0.0003818539
        0.0001234321  -0.0001569639   0.0002926307   0.0001708156  -0.0002994485
       -0.0004553184   0.0005120207   0.0001125238  -0.0000186107  -0.0000146505
       -0.0003519020  -0.0000825860  -0.0000260984   0.0003334257  -0.0000128204
       -0.0000235941  -0.0000134811  -0.0000085911   0.0000264373  -0.0000566900
        0.0012328249  -0.0005556263  -0.0009922828  -0.0000406336  -0.0000272837
       -0.0000677014  -0.0001229929   0.0001248078  -0.0001008328   0.0008347247
       -0.0001232752  -0.0001250416   0.0001057896  -0.0000432151  -0.0000789575
        0.0001654849  -0.0000405771   0.0000498547   0.0000072908   0.0000007509
       -0.0000424661  -0.0000046726  -0.0000014194   0.0000082253  -0.0445111934
       -0.0206282756  -0.0085393937  -0.0972128379  -0.0856727675  -0.0489690182
       -0.0000180436  -0.0020908758  -0.0031391382   0.1336195689   0.1036878734
        0.0589740600   0.0053107096   0.0043379752   0.0024048604
       -0.0001979041   0.0001470243   0.0001600427  -0.0000416974   0.0000123650
        0.0003175836  -0.0000704041   0.0003441483   0.0002379456   0.0001773736
       -0.0000629005  -0.0001215010  -0.0002775804   0.0000129578  -0.0005479086
        0.0002203852  -0.0000787598  -0.0000410415   0.0000786688  -0.0000329337
        0.0001330146  -0.0002020980  -0.0002967403   0.0000035405   0.0000537125
       -0.0000230672  -0.0000630289   0.0000532222  -0.0000206801   0.0000603825
        0.0001841466   0.0003877463  -0.0011154636   0.0000669465   0.0000469973
        0.0000471959   0.0001288094   0.0001074573  -0.0000498848   0.0002937080
        0.0007731108  -0.0001453788   0.0002151730  -0.0001415602  -0.0003606843
        0.0000248712  -0.0005888480   0.0000536807   0.0001491964   0.0000439645
       -0.0001918985  -0.0000056939  -0.0000044236   0.0000331867  -0.0063422155
        0.0062228585   0.0037306658  -0.0844193344  -0.1630518240  -0.0670996993
        0.0004461320   0.0007768265  -0.0004625913   0.1036878734   0.1838504666
        0.0789468992  -0.0142232909  -0.0284241859  -0.0135250571
        0.0000164721   0.0001041652  -0.0000650488  -0.0001960819   0.0000401101
        0.0000410199  -0.0000209000  -0.0001244828   0.0005088247  -0.0000471894
       -0.0000839786  -0.0001837060   0.0007778894  -0.0001525488  -0.0020989469
        0.0001674715  -0.0001218464   0.0001066413  -0.0000650350   0.0000871549
        0.0001419992   0.0001374348   0.0000847485  -0.0001889583  -0.0000292565
       -0.0001075888   0.0000835099  -0.0000126043  -0.0000024544   0.0000020019
        0.0006713096   0.0014697896   0.0011047793  -0.0000409380  -0.0000144270
        0.0000029863  -0.0000270038  -0.0000305906  -0.0000237314  -0.0010353087
       -0.0005008831  -0.0020204136  -0.0001166433  -0.0001424912  -0.0001587042
       -0.0000199827   0.0002179930   0.0000628530  -0.0000219034  -0.0000689303
        0.0000532072  -0.0000347752   0.0000144765   0.0000182605   0.0050820128
        0.0053027350   0.0059723702  -0.0508494567  -0.0676575879  -0.0817089550
       -0.0169071257  -0.0243735074  -0.0178649981   0.0589740600   0.0789468992
        0.0926832305   0.0035975545   0.0071132452   0.0035317785
        0.0003664994  -0.0002269022  -0.0002170781  -0.0000015482  -0.0000557455
        0.0000040853  -0.0000565149  -0.0000553174   0.0003557170   0.0003268307
       -0.0001579763  -0.0002135930   0.0000752541  -0.0000422894  -0.0000148234
       -0.0001644293  -0.0000542705  -0.0000948247  -0.0000370830   0.0000501913
       -0.0000544004   0.0004599815  -0.0002516925   0.0008561396  -0.0000264349
        0.0000455014   0.0000148842  -0.0000273446  -0.0000214218  -0.0000629409
        0.0012065166   0.0004793580  -0.0008217035  -0.0000418292   0.0000394740
       -0.0003810349  -0.0006444452  -0.0005082494   0.0001794553   0.0001089281
       -0.0000944107   0.0000903576  -0.0000086644   0.0000233930  -0.0000045516
        0.0006757137   0.0001553229  -0.0002587697   0.0000426559   0.0000039311
        0.0000254095  -0.0000154015   0.0000076080   0.0000003742  -0.0343248562
        0.0328592550  -0.0043642910  -0.0568004806   0.0590226524  -0.0192079591
        0.0007335792   0.0019572167  -0.0021922574   0.0053107096  -0.0142232909
        0.0035975545   0.0828423632  -0.0789523372   0.0227642505
        0.0002713276  -0.0000337836   0.0006690045   0.0000352339   0.0000497161
       -0.0002738804   0.0000924595  -0.0002619914  -0.0000857693  -0.0002589922
       -0.0000171868   0.0001890711   0.0001121422   0.0001168890  -0.0001367921
       -0.0000771194   0.0001576970   0.0000709042  -0.0000160618   0.0000383497
       -0.0000408224  -0.0000273218   0.0004133379  -0.0003220613  -0.0000395705
        0.0000028180   0.0000501549  -0.0000538309   0.0000005288  -0.0000420704
       -0.0005052182   0.0002413730   0.0013216198  -0.0000708386   0.0000162450
       -0.0000870321  -0.0001446605   0.0001218088   0.0000572475  -0.0000511662
       -0.0004368080  -0.0000091576  -0.0001044770   0.0000200013   0.0001399566
       -0.0003495321   0.0006932251   0.0001573024  -0.0002686598  -0.0001257210
        0.0003713799  -0.0000062461   0.0000008138  -0.0000270916   0.0170551916
       -0.0025374812  -0.0025297155   0.0578021268  -0.2244219637   0.0546447634
        0.0012195756  -0.0051677626   0.0035769002   0.0043379752  -0.0284241859
        0.0071132452  -0.0789523372   0.2595540807  -0.0648071568
        0.0006528923   0.0002201412  -0.0019020434  -0.0001891625  -0.0000073582
       -0.0000002882   0.0001044255  -0.0001088586  -0.0002121777  -0.0000774156
        0.0001192580  -0.0001145311   0.0000055959  -0.0000634899  -0.0000951079
       -0.0000315405   0.0000685273  -0.0000059360  -0.0000417958   0.0000233049
        0.0000038945   0.0000606702   0.0000905716   0.0003091252  -0.0000225565
        0.0001041739   0.0001052058  -0.0000117468   0.0000121029   0.0000097701
        0.0002376518  -0.0015993166   0.0010293780  -0.0000885892  -0.0000883341
        0.0001615770   0.0003244840   0.0001795166   0.0001108964  -0.0000391813
       -0.0001797048   0.0001179214  -0.0000156329   0.0000751896   0.0000626367
       -0.0009757190   0.0006523084  -0.0021190627  -0.0000890376   0.0001526750
       -0.0001257388  -0.0000376961  -0.0000044452   0.0000035159   0.0051855442
       -0.0072417871   0.0045056938  -0.0207934457   0.0556094083  -0.0600452041
       -0.0093268550   0.0303183308  -0.0128758902   0.0024048604  -0.0135250571
        0.0035317785   0.0227642505  -0.0648071568   0.0675445868
