           1           2   1.0093515558077288     
           2           5   1.0093327177864984     
           3           5   1.0079975589739747     
           3           6  0.97554403667915279     
           3           7  0.97805981492364436     
           1           8   1.0079984534309812     
           2           9  0.97754894898834932     
           2          10  0.97675592839569458     
           3          11  0.98336939822786074     
           4          11  0.96289616302070025     
           8          11  0.98417026302378829     
           8          12  0.97785252993814764     
           8          13  0.97525205363563461     
           5          14  0.97243796079759925     
           5          15  0.97685383442993090     
           1          16  0.97292918624221847     
           1          17  0.97687423754553637     
          11          19  0.96740695119218389     
          19          20  0.98521786955841539     
          20          21  0.97898661382404950     
          20          22  0.97396284524932675     
          20          23  0.97446958882454937     
