$hessian                                                                        
        0.1087008719  -0.0454660568  -0.1295052577  -0.0986457649   0.0240319882
        0.0684620044   0.0197147949  -0.0075310406   0.0012034451  -0.0284036361
        0.0078284858   0.0454135904  -0.0013662657   0.0211366234   0.0144262178
       -0.0454660568   0.0882391786   0.1036523257   0.0240478854  -0.0877861340
       -0.0547886458  -0.0076379461   0.0099445887  -0.0086127394   0.0083933025
        0.0131930995   0.0037838647   0.0206628150  -0.0235907328  -0.0440348052
       -0.1295052577   0.1036523257   0.3470050032   0.0684462316  -0.0547748694
       -0.2246626678   0.0001832999  -0.0079960142  -0.0739328895   0.0463406146
        0.0043003505  -0.0291861021   0.0145351116  -0.0451817927  -0.0192233439
       -0.0986457649   0.0240478854   0.0684462316   0.3207609545  -0.0076368453
       -0.0212692428  -0.0817182724   0.0182637375  -0.0418933869  -0.0989023547
       -0.0317843207  -0.0022231616  -0.0414945625  -0.0028904569  -0.0030604404
        0.0240319882  -0.0877861340  -0.0547748694  -0.0076368453   0.3171838157
        0.0169527029   0.0192889621  -0.0517874901   0.0223099599  -0.0374099372
       -0.0612920832   0.0033398453   0.0017258322  -0.1163181084   0.0121723613
        0.0684620044  -0.0547886458  -0.2246626678  -0.0212692428   0.0169527029
        0.3598569519  -0.0312326286   0.0161733019  -0.0620190910  -0.0118620123
       -0.0019101318  -0.0351669229  -0.0040981207   0.0235727729  -0.0380082702
        0.0197147949  -0.0076379461   0.0001832999  -0.0817182724   0.0192889621
       -0.0312326286   0.1030533402  -0.0248518846   0.0597354690  -0.0353104672
        0.0069414120  -0.0237671837  -0.0057393955   0.0062594567  -0.0049189566
       -0.0075310406   0.0099445887  -0.0079960142   0.0182637375  -0.0517874901
        0.0161733019  -0.0248518846   0.0614557979  -0.0256719848  -0.0116287476
        0.0027372517  -0.0087683838   0.0257479353  -0.0223501482   0.0262630809
        0.0012034451  -0.0086127394  -0.0739328895  -0.0418933869   0.0223099599
       -0.0620190910   0.0597354690  -0.0256719848   0.1391097784  -0.0103955938
        0.0000089806   0.0006121888  -0.0086499335   0.0119657837  -0.0037699868
       -0.0284036361   0.0083933025   0.0463406146  -0.0989023547  -0.0374099372
       -0.0118620123  -0.0353104672  -0.0116287476  -0.0103955938   0.1667208111
        0.0507971281  -0.0219191948  -0.0041043531  -0.0101517458  -0.0021638137
        0.0078284858   0.0131930995   0.0043003505  -0.0317843207  -0.0612920832
       -0.0019101318   0.0069414120   0.0027372517   0.0000089806   0.0507971281
        0.0745891504  -0.0046187201  -0.0337827052  -0.0292274185   0.0022195208
        0.0454135904   0.0037838647  -0.0291861021  -0.0022231616   0.0033398453
       -0.0351669229  -0.0237671837  -0.0087683838   0.0006121888  -0.0219191948
       -0.0046187201   0.0621333742   0.0024959497   0.0062633939   0.0016074620
       -0.0013662657   0.0206628150   0.0145351116  -0.0414945625   0.0017258322
       -0.0040981207  -0.0057393955   0.0257479353  -0.0086499335  -0.0041043531
       -0.0337827052   0.0024959497   0.0527045768  -0.0143538774  -0.0042830071
        0.0211366234  -0.0235907328  -0.0451817927  -0.0028904569  -0.1163181084
        0.0235727729   0.0062594567  -0.0223501482   0.0119657837  -0.0101517458
       -0.0292274185   0.0062633939  -0.0143538774   0.1914864080   0.0033798422
        0.0144262178  -0.0440348052  -0.0192233439  -0.0030604404   0.0121723613
       -0.0380082702  -0.0049189566   0.0262630809  -0.0037699868  -0.0021638137
        0.0022195208   0.0016074620  -0.0042830071   0.0033798422   0.0593941388
