$hessian                                                                        
        0.4751817299  -0.0085972279  -0.0270179093  -0.0666918872  -0.0050358630
       -0.0019922987   0.0003642733  -0.0006360795   0.0004059941   0.0013766664
       -0.0006106238   0.0004250159   0.0007068671   0.0040904404   0.0023985788
        0.0000903580  -0.0002462152   0.0000717497  -0.0000973122   0.0000753032
        0.0000719398  -0.1729054209  -0.0067362724  -0.0447637561  -0.0001779823
        0.0155969695   0.0143771257  -0.0039711366  -0.0216737413  -0.0186140370
       -0.0126152312   0.0088337742  -0.0109868450  -0.0258817121  -0.0004834836
       -0.0072279664  -0.0051996353  -0.0014806833  -0.0036609004   0.0003192627
       -0.0007651963  -0.0001585348   0.0005536728   0.0011758476  -0.0002246413
       -0.1456374517  -0.0162746634   0.1124601522  -0.0480654045   0.0321047593
       -0.0167281560   0.0028874881   0.0004515618   0.0011567632  -0.0002982256
        0.0003984795   0.0002220144  -0.0001069426  -0.0001577250  -0.0003254854
        0.0000827035   0.0000067008   0.0000557062   0.0000148405  -0.0000236573
        0.0000218085   0.0000704798  -0.0000124042   0.0000336818
       -0.0085972279   0.5071572215  -0.0358047376  -0.0059216986  -0.1436383028
       -0.0644578575  -0.0011225807   0.0021011972  -0.0012209991   0.0005279931
        0.0002996319   0.0000272579   0.0000447503  -0.0321120017  -0.0123983694
       -0.0002616422   0.0003133755  -0.0001582722   0.0002896273  -0.0001627827
        0.0000461344  -0.0016844267  -0.0643648959   0.0001900662   0.0014547338
       -0.0003239438  -0.0022747128  -0.0017574657  -0.0033417795  -0.0039313927
        0.0185619342  -0.0019144960   0.0102941979  -0.0031197331   0.0005828884
       -0.0012861414  -0.0208786811  -0.0016095315  -0.0112350488   0.0002348352
        0.0008039096  -0.0009413260   0.0011671067  -0.0052325395   0.0023376929
       -0.0155208248  -0.0482533173   0.0192121627   0.0318908568  -0.2078771879
        0.0978904391   0.0045832759  -0.0026995034   0.0037844252   0.0000878806
        0.0002570341   0.0000026260  -0.0000264507  -0.0002373083  -0.0000443558
       -0.0000169053   0.0000626098  -0.0000115154   0.0000435136   0.0000508472
       -0.0000287594   0.0000211291   0.0001388752   0.0000084858
       -0.0270179093  -0.0358047376   0.5022111408  -0.0022528522  -0.0638629110
       -0.1190287493   0.0001791048  -0.0008898769   0.0002306126  -0.0003021488
        0.0000537222  -0.0000776618   0.0008503839   0.0068456012   0.0079936488
        0.0000522783   0.0000016295  -0.0000254708  -0.0000435994   0.0000871471
        0.0000103759  -0.0455262214  -0.0028159358  -0.0863552176   0.0016802516
       -0.0196448073  -0.0183947547  -0.0029310764  -0.0116248947  -0.0097008127
       -0.0157738181   0.0058548558  -0.0097983136   0.0178446272   0.0003677890
        0.0075712374  -0.0195466812  -0.0027485558  -0.0099932905  -0.0002286239
        0.0011785385   0.0009080946  -0.0004733025   0.0037288543  -0.0003846614
        0.1112754889   0.0198583903  -0.1650695322  -0.0164135868   0.0974035539
       -0.0992799899  -0.0014505690   0.0020078413  -0.0009680617   0.0000806038
       -0.0001071249   0.0001441738  -0.0000617515  -0.0000269536   0.0001298000
        0.0000188203   0.0000152789  -0.0000369439   0.0000246821   0.0000301801
       -0.0000538486   0.0000158996   0.0000924157  -0.0000317753
       -0.0666918872  -0.0059216986  -0.0022528522   0.5451950512   0.0070110403
       -0.0039820823  -0.0099578399   0.0219260230  -0.0165300741  -0.0002247301
       -0.0000199857  -0.0000644709  -0.0696089108   0.0175458272  -0.0085370399
       -0.0050591044   0.0006891271  -0.0035295127   0.0007728566   0.0008208904
       -0.0007800687  -0.0064237620  -0.0200203593  -0.0187992537  -0.1510881581
       -0.0152726576   0.1109413484  -0.2390976658  -0.0071381055  -0.0818146969
        0.0018538000   0.0000502914   0.0010807586   0.0007918035  -0.0006570510
       -0.0009420080  -0.0049562116  -0.0010065578  -0.0036813220   0.0027194917
       -0.0166890818   0.0113387838   0.0006038604  -0.0002483491   0.0005304378
        0.0005176735   0.0154667705   0.0142744864   0.0006918413   0.0034761953
        0.0026357701  -0.0001834963  -0.0000022741   0.0000288319   0.0001158404
       -0.0000266875   0.0000462022  -0.0000085814   0.0000187410  -0.0000547533
        0.0000312652  -0.0000140480   0.0000543186   0.0000090056  -0.0000003054
        0.0000211407  -0.0000021417   0.0000122551   0.0000160561
       -0.0050358630  -0.1436383028  -0.0638629110   0.0070110403   0.4454381814
       -0.0041560632   0.0064456915  -0.0027662776   0.0049036511  -0.0000368501
        0.0001665883   0.0000367406   0.0166267025  -0.1581478494   0.0571768512
       -0.0001420192   0.0011948507  -0.0001322736  -0.0005756132   0.0004231603
       -0.0003899700  -0.0059873764  -0.0038984913  -0.0061468782  -0.0152390045
       -0.0433230553   0.0159499294  -0.0071572040  -0.0401607504  -0.0025895400
        0.0001136159  -0.0001478072   0.0000145805   0.0005011555   0.0002814123
        0.0002016516  -0.0003477762   0.0010950186  -0.0000677648  -0.0002539582
       -0.0062172406   0.0061827886   0.0040536437  -0.0251144088   0.0114810333
        0.0008971604  -0.0004246555  -0.0025358471  -0.0008814605  -0.0250057261
       -0.0160346156   0.0000007262  -0.0000010208  -0.0000046023   0.0000161351
        0.0002427995   0.0001379440  -0.0000091237  -0.0003164841  -0.0001548423
       -0.0000159716   0.0000634326  -0.0000186316   0.0000009795   0.0000577267
       -0.0000093316   0.0000153700   0.0001988996   0.0000181012
       -0.0019922987  -0.0644578575  -0.1190287493  -0.0039820823  -0.0041560632
        0.4996377690  -0.0080301469   0.0117896013  -0.0098922568   0.0002758012
        0.0000639368  -0.0004933557  -0.0084635579   0.0577150741  -0.1015226394
       -0.0025074971   0.0001698269  -0.0008250938   0.0009648986  -0.0004624541
        0.0008345772  -0.0073757899  -0.0116893901  -0.0123255951   0.1110362432
        0.0159710522  -0.1609729990  -0.0820629705  -0.0025835419  -0.0788790942
        0.0002397143  -0.0000378009   0.0006517435   0.0009919269   0.0005132083
        0.0009450897  -0.0024858476  -0.0002013568  -0.0008410646  -0.0014685772
        0.0210343167  -0.0151105074   0.0026642891  -0.0146766514   0.0079579400
        0.0012483597  -0.0190823480  -0.0187133302   0.0006807133   0.0101080074
        0.0078193587   0.0004521223   0.0000057443   0.0003190175  -0.0001799639
       -0.0000438863   0.0005144966  -0.0000358831  -0.0000732496  -0.0001347531
        0.0000328549   0.0000188977   0.0000172006  -0.0000164373   0.0000199172
        0.0000226777   0.0000141290   0.0000550168   0.0000195681
        0.0003642733  -0.0011225807   0.0001791048  -0.0099578399   0.0064456915
       -0.0080301469   0.4822619283  -0.0122371089  -0.0315212933   0.0003760585
        0.0135517112   0.0111084908  -0.1730004221  -0.0058822045  -0.0462474796
       -0.0473252880   0.0268181801  -0.0143138991  -0.1517014674  -0.0135773042
        0.1100593641   0.0003754696   0.0033697589   0.0014816408   0.0011156414
       -0.0007816708   0.0007892907   0.0004679048   0.0011515694  -0.0005262589
       -0.0556896926   0.0012400973   0.0080212312   0.0001668970  -0.0008181827
       -0.0002456686   0.0007949588   0.0007789392  -0.0002292637  -0.0270495507
       -0.0008367247  -0.0073952227  -0.0055665434  -0.0015485837  -0.0036745235
        0.0000216523   0.0000845728   0.0001074240   0.0001059075  -0.0002203625
        0.0000773930  -0.0155102032  -0.0163679650  -0.0199891732  -0.0002794844
        0.0000279651   0.0005872187  -0.0002262146  -0.0000666472  -0.0003691646
        0.0001595441  -0.0000352524   0.0000738054   0.0000338796   0.0000053307
        0.0000573929   0.0000625910   0.0000207712  -0.0000002624
       -0.0006360795   0.0021011972  -0.0008898769   0.0219260230  -0.0027662776
        0.0117896013  -0.0122371089   0.4990636506  -0.0392684511   0.0015258941
       -0.0003437906  -0.0027645548  -0.0010943230  -0.0642827163  -0.0000083015
        0.0276089646  -0.2014165795   0.1012313469  -0.0132836590  -0.0466569799
        0.0158146277   0.0002950161  -0.0285609401  -0.0124870425   0.0006182000
        0.0006375344  -0.0004454855   0.0021262415  -0.0040249210   0.0030926191
        0.0013476277  -0.1480514006  -0.0626775568   0.0003033636   0.0009400072
       -0.0011010653   0.0011846171  -0.0049392939   0.0022166707  -0.0031414832
        0.0006837476  -0.0010691694  -0.0218164042  -0.0021705659  -0.0111698874
        0.0002045439  -0.0001213778   0.0000122080  -0.0001861630   0.0004765287
       -0.0000773752  -0.0039643476  -0.0007114204  -0.0031440071  -0.0006369868
        0.0002875441   0.0014157693  -0.0002469473  -0.0004581052  -0.0009071655
        0.0001834397   0.0000109510   0.0001352185  -0.0001390915   0.0000271496
        0.0002226815   0.0000586628   0.0002760583   0.0000791960
        0.0004059941  -0.0012209991   0.0002306126  -0.0165300741   0.0049036511
       -0.0098922568  -0.0315212933  -0.0392684511   0.4912897726   0.0016405535
       -0.0183107174  -0.0155276151  -0.0443539874  -0.0028212565  -0.0865227451
       -0.0142569559   0.1001006197  -0.1067227469   0.1112136444   0.0157713236
       -0.1528195900  -0.0000347155   0.0074621880   0.0071936009  -0.0009078903
       -0.0002360812   0.0003831154  -0.0012571859   0.0032529431  -0.0013297393
        0.0074959495  -0.0639932968  -0.1147890533  -0.0004506698   0.0011815880
        0.0009385293  -0.0005169074   0.0036163467  -0.0003592737   0.0180842184
        0.0007878709   0.0076646174  -0.0196507703  -0.0030366534  -0.0098630679
       -0.0000204289   0.0001605653   0.0000808232  -0.0000141937   0.0000068441
       -0.0000696137  -0.0096504910  -0.0085171326  -0.0098519082   0.0002859159
        0.0001642525   0.0000047447  -0.0001251255  -0.0000861321  -0.0001709970
        0.0001127250  -0.0000508253   0.0000954815   0.0000290747   0.0000030605
       -0.0000106769   0.0000226132   0.0001302919   0.0000479865
        0.0013766664   0.0005279931  -0.0003021488  -0.0002247301  -0.0000368501
        0.0002758012   0.0003760585   0.0015258941   0.0016405535   0.1527003857
        0.0146670524  -0.1110571589   0.0013631630  -0.0003312326  -0.0003474283
        0.0001006310   0.0000888918  -0.0000920063   0.0008156319  -0.0004001124
       -0.0005975083   0.0023618013  -0.0010122203  -0.0010468070  -0.0000887465
        0.0000064112   0.0000429245  -0.0001427910   0.0000071535  -0.0001632792
       -0.1347235179  -0.0139100452   0.1107168344   0.0007015662   0.0011307081
       -0.0009952364   0.0001954576  -0.0000559276  -0.0001603462  -0.0000984558
       -0.0003793344  -0.0004514191  -0.0001849137  -0.0000520804  -0.0002062902
       -0.0002082009   0.0004367096  -0.0004350662  -0.0001914202   0.0000587249
       -0.0001818002  -0.0232096055  -0.0019690559   0.0056515788  -0.0039754926
       -0.0029708704  -0.0056340358   0.0033741159   0.0044795222   0.0091111341
       -0.0016382927   0.0004067576  -0.0016917524   0.0014799213  -0.0003168848
       -0.0034419985  -0.0001592319  -0.0019012043  -0.0006345447
       -0.0006106238   0.0002996319   0.0000537222  -0.0000199857   0.0001665883
        0.0000639368   0.0135517112  -0.0003437906  -0.0183107174   0.0146670524
        0.0586542133  -0.0164279059   0.0006783038   0.0003313044  -0.0000361998
        0.0005501738   0.0003142386  -0.0003477858   0.0000914712  -0.0034579967
       -0.0039735605  -0.0143220505  -0.0056228152   0.0199161578   0.0000113486
       -0.0002336149  -0.0000323184  -0.0000087552  -0.0000938166  -0.0000220894
       -0.0139745953  -0.0443041312   0.0157949068   0.0005065216  -0.0042120204
        0.0034966324  -0.0005172961   0.0002875099   0.0002712228  -0.0004411825
        0.0000133336  -0.0001469177   0.0000103231  -0.0000301704   0.0001696917
        0.0005039522   0.0000257174   0.0000858603  -0.0000423164   0.0000392271
       -0.0002457180  -0.0006340613   0.0012356327   0.0001409720  -0.0007190302
       -0.0033021010  -0.0001092617   0.0007984265   0.0009882390   0.0005110608
       -0.0002546204   0.0000562098  -0.0001343478   0.0000854300  -0.0001657789
       -0.0003741267   0.0000898029  -0.0006456100  -0.0003432145
        0.0004250159   0.0000272579  -0.0000776618  -0.0000644709   0.0000367406
       -0.0004933557   0.0111084908  -0.0027645548  -0.0155276151  -0.1110571589
       -0.0164279059   0.1846192912   0.0004969304   0.0000980686  -0.0000621749
       -0.0002247623   0.0006166234   0.0005753996   0.0000581885  -0.0026045337
       -0.0014866007   0.0085744138   0.0055973076  -0.0122712671  -0.0000913041
       -0.0000410756   0.0002389199   0.0000612396  -0.0000096495   0.0001122035
        0.1077634149   0.0153020420  -0.1596608001  -0.0002292220   0.0021809641
       -0.0006102469  -0.0002264947  -0.0007037739   0.0005558330  -0.0007168412
       -0.0004206682  -0.0000442518  -0.0000493644   0.0002081732   0.0004115334
       -0.0007073899   0.0003372186   0.0000367664  -0.0000150462  -0.0002696366
        0.0003484945  -0.0130726433  -0.0010740042   0.0043195525  -0.0001706107
        0.0027202245   0.0042113507  -0.0017051544  -0.0040539370  -0.0089921611
        0.0012230806  -0.0003254422   0.0007535638  -0.0014615015   0.0001518987
        0.0027198177   0.0000811900   0.0014186625   0.0003234090
        0.0007068671   0.0000447503   0.0008503839  -0.0696089108   0.0166267025
       -0.0084635579  -0.1730004221  -0.0010943230  -0.0443539874   0.0013631630
        0.0006783038   0.0004969304   0.4736497450   0.0088114274  -0.0305773189
       -0.0081220598   0.0013376168  -0.0049027889  -0.0258474719  -0.0018951859
       -0.0074782931   0.0001717099   0.0003523775   0.0002911119   0.0021580725
       -0.0169112395   0.0114878211  -0.0071677980   0.0237315629  -0.0157381357
       -0.0091376705  -0.0083745616  -0.0108565998  -0.0000561453  -0.0000691005
        0.0000681614   0.0000668690   0.0002211789   0.0001060965  -0.1467373106
       -0.0132355767   0.1136222754  -0.0425893237  -0.0103529187  -0.0058337822
        0.0002569268   0.0007097418  -0.0001793286   0.0007552769  -0.0004261825
        0.0000032916   0.0033494811   0.0001004423   0.0015722264  -0.0002446756
       -0.0000844737   0.0003463338  -0.0001156007  -0.0001275139  -0.0005014525
        0.0000910129  -0.0000222130   0.0000416262   0.0000172776  -0.0000199379
        0.0000021233   0.0000409874  -0.0000008774  -0.0000031368
        0.0040904404  -0.0321120017   0.0068456012   0.0175458272  -0.1581478494
        0.0577150741  -0.0058822045  -0.0642827163  -0.0028212565  -0.0003312326
        0.0003313044   0.0000980686   0.0088114274   0.4997163651   0.0320036362
        0.0225444059  -0.0005243484   0.0118026264  -0.0028390783   0.0004090934
       -0.0006396485   0.0008649531   0.0019541254   0.0014848939  -0.0009509931
       -0.0062154914   0.0058898553   0.0018963507  -0.0022651930   0.0024921442
       -0.0172909348  -0.0029978532  -0.0105332589  -0.0002740370  -0.0001913948
       -0.0000593384   0.0001874779   0.0003466107   0.0002104925  -0.0137957686
       -0.0470731824   0.0129043284  -0.0101356647  -0.1832323042  -0.1116489215
       -0.0002931433   0.0009148741   0.0009297614  -0.0004039849  -0.0044888319
       -0.0029249490  -0.0035702938  -0.0024069334  -0.0037692554  -0.0001423943
        0.0002617414   0.0001719508   0.0000108864  -0.0001493456  -0.0001415060
       -0.0000137463   0.0000243088  -0.0000111500  -0.0000261292   0.0000295356
        0.0000120865  -0.0000021637   0.0000994870  -0.0000112351
        0.0023985788  -0.0123983694   0.0079936488  -0.0085370399   0.0571768512
       -0.1015226394  -0.0462474796  -0.0000083015  -0.0865227451  -0.0003474283
       -0.0000361998  -0.0000621749  -0.0305773189   0.0320036362   0.5123322474
       -0.0166670112   0.0015455481  -0.0081483291   0.0177470273   0.0009346947
        0.0076967156   0.0001896833   0.0011390566   0.0005759499  -0.0012237831
        0.0215642414  -0.0148256796  -0.0042136251   0.0119482571  -0.0075241316
       -0.0174839091  -0.0068371845  -0.0122105286  -0.0000684799  -0.0001188709
       -0.0000114687   0.0000945457   0.0000621984   0.0000112297   0.1123684839
        0.0121245724  -0.1661144406  -0.0055348547  -0.1111109530  -0.1296288654
       -0.0001066261  -0.0012052432   0.0008781961  -0.0000516602  -0.0043645166
       -0.0013449019  -0.0017749062  -0.0023929095  -0.0018146492   0.0000252044
       -0.0000956735  -0.0000496171  -0.0000257648   0.0002119447   0.0003571060
        0.0000116536  -0.0000369673  -0.0000056222   0.0000284961  -0.0000227991
       -0.0000327066  -0.0000037860  -0.0000830127  -0.0000265936
        0.0000903580  -0.0002616422   0.0000522783  -0.0050591044  -0.0001420192
       -0.0025074971  -0.0473252880   0.0276089646  -0.0142569559   0.0001006310
        0.0005501738  -0.0002247623  -0.0081220598   0.0225444059  -0.0166670112
        0.0562860711  -0.0313894720   0.0208929975   0.0019689396  -0.0183293615
        0.0136627616   0.0009036008  -0.0004041115  -0.0001229995  -0.0001225820
       -0.0001362960   0.0000242317  -0.0005110419   0.0012589369  -0.0009028135
        0.0001268540  -0.0008030103  -0.0001373992  -0.0000319911   0.0001683517
       -0.0001012358   0.0001416699  -0.0001057222  -0.0000628720   0.0004236342
        0.0005278846  -0.0000823960   0.0006170572   0.0001371728   0.0001585339
       -0.0000602906  -0.0000350092  -0.0000405650  -0.0000113683  -0.0000667989
        0.0000140492   0.0006501686  -0.0007794224   0.0003757369  -0.0000212779
       -0.0003982481  -0.0000856828   0.0000431022   0.0001347146   0.0001942471
       -0.0000576334   0.0000119854  -0.0000740452   0.0000013038  -0.0000146564
       -0.0000499684  -0.0000307531  -0.0000768201  -0.0000586323
       -0.0002462152   0.0003133755   0.0000016295   0.0006891271   0.0011948507
        0.0001698269   0.0268181801  -0.2014165795   0.1001006197   0.0000888918
        0.0003142386   0.0006166234   0.0013376168  -0.0005243484   0.0015455481
       -0.0313894720   0.2377562519  -0.1138833305  -0.0005614431  -0.0049740033
        0.0056230061  -0.0000404992  -0.0041859373  -0.0041280710  -0.0000053460
        0.0000309269  -0.0001471713   0.0001098750  -0.0002622456   0.0000767605
        0.0035474592  -0.0274604142   0.0104038820   0.0001033545   0.0002766505
       -0.0002682576   0.0003938842  -0.0016540188   0.0005626804   0.0002181784
        0.0000607923  -0.0002463043  -0.0001379733   0.0005370843  -0.0000427577
       -0.0000038292  -0.0000556276  -0.0000495088   0.0000027478   0.0000431045
       -0.0000149304  -0.0008600161  -0.0001305370  -0.0002879540  -0.0001559100
        0.0001497910  -0.0001993163   0.0001111800   0.0000344621   0.0001316373
       -0.0000189632  -0.0000067122  -0.0000062862   0.0000166886  -0.0000032523
        0.0000113772  -0.0000175162  -0.0000378520   0.0000302972
        0.0000717497  -0.0001582722  -0.0000254708  -0.0035295127  -0.0001322736
       -0.0008250938  -0.0143138991   0.1012313469  -0.1067227469  -0.0000920063
       -0.0003477858   0.0005753996  -0.0049027889   0.0118026264  -0.0081483291
        0.0208929975  -0.1138833305   0.1227484664  -0.0003209420   0.0215741551
       -0.0153236739   0.0000201328  -0.0027562824  -0.0012768945  -0.0000486234
       -0.0002857181   0.0002749545  -0.0004955046   0.0007930209  -0.0004646191
        0.0018821991  -0.0164982803   0.0080811077  -0.0001154133  -0.0001383129
       -0.0000487275   0.0000517461  -0.0008372939   0.0003299692   0.0004103266
       -0.0001971133   0.0005635440   0.0000949070   0.0001053785  -0.0002816957
       -0.0000575095  -0.0000291891  -0.0000430513   0.0000223334  -0.0000528720
       -0.0000033754   0.0006355028  -0.0003672436   0.0005145642  -0.0001440227
        0.0002420435   0.0001980810   0.0000458949  -0.0001670669  -0.0002127452
       -0.0000177991   0.0000097373  -0.0000000979  -0.0000570744   0.0000172858
        0.0000641551  -0.0000326941   0.0000754402   0.0000262796
       -0.0000973122   0.0002896273  -0.0000435994   0.0007728566  -0.0005756132
        0.0009648986  -0.1517014674  -0.0132836590   0.1112136444   0.0008156319
        0.0000914712   0.0000581885  -0.0258474719  -0.0028390783   0.0177470273
        0.0019689396  -0.0005614431  -0.0003209420   0.1790984855   0.0164219003
       -0.1284426755   0.0001221544  -0.0003661031  -0.0003350122   0.0000207710
        0.0005097703  -0.0006964119   0.0003827598  -0.0002261120   0.0000133537
       -0.0010347148   0.0009135643   0.0020321267   0.0001528210   0.0004243037
       -0.0000341297   0.0000408431  -0.0001042153  -0.0001257990  -0.0063828815
       -0.0003406197  -0.0024802699   0.0005177757  -0.0000905674   0.0003596358
        0.0000046976  -0.0001866542  -0.0001180192  -0.0000775203  -0.0000134788
       -0.0000560790   0.0015767419  -0.0001802132  -0.0000414140  -0.0001927232
        0.0001663973   0.0004586990  -0.0000320986  -0.0001544297  -0.0003007400
        0.0000094063   0.0000024862   0.0000503173  -0.0000938398  -0.0000011443
        0.0000793006  -0.0000238546   0.0001038108   0.0000179000
        0.0000753032  -0.0001627827   0.0000871471   0.0008208904   0.0004231603
       -0.0004624541  -0.0135773042  -0.0466569799   0.0157713236  -0.0004001124
       -0.0034579967  -0.0026045337  -0.0018951859   0.0004090934   0.0009346947
       -0.0183293615  -0.0049740033   0.0215741551   0.0164219003   0.0535821737
       -0.0143916120   0.0007372828   0.0010270690  -0.0012351891   0.0002229854
        0.0000687009   0.0002477698  -0.0000553135  -0.0001345157   0.0000420511
        0.0169730667  -0.0005424911  -0.0199329122  -0.0003340421  -0.0004037606
        0.0002192462  -0.0001418592   0.0001893611   0.0001850867  -0.0004129181
        0.0006641612  -0.0003844864  -0.0004103646  -0.0000730906   0.0001467143
       -0.0001702946  -0.0000867575   0.0000261874  -0.0000251357  -0.0000313400
       -0.0000331222   0.0000655293   0.0000335782   0.0000966475   0.0004003511
        0.0000948108  -0.0003824099   0.0000729449   0.0000134548   0.0000458878
       -0.0000223492  -0.0000148883   0.0000349730   0.0000132554   0.0000011623
       -0.0000165309  -0.0000292684   0.0000318807   0.0000313664
        0.0000719398   0.0000461344   0.0000103759  -0.0007800687  -0.0003899700
        0.0008345772   0.1100593641   0.0158146277  -0.1528195900  -0.0005975083
       -0.0039735605  -0.0014866007  -0.0074782931  -0.0006396485   0.0076967156
        0.0136627616   0.0056230061  -0.0153236739  -0.1284426755  -0.0143916120
        0.1811404418  -0.0002789605   0.0010699055   0.0009168864   0.0000083212
        0.0000159082  -0.0000380445   0.0000433119  -0.0000345405  -0.0000492464
        0.0156515582  -0.0034739038  -0.0204957590  -0.0000517194  -0.0003676560
        0.0005212570  -0.0001442943   0.0002852040   0.0000124933  -0.0022923574
        0.0001231101  -0.0001457116  -0.0000906559   0.0001112065   0.0005234862
       -0.0000739497   0.0000202388  -0.0001889104  -0.0000094311  -0.0000550275
       -0.0000261183   0.0000399353   0.0002440181  -0.0003011609   0.0006741343
       -0.0001818663  -0.0011232211   0.0001166471   0.0002939553   0.0006416168
       -0.0001220839   0.0000104465  -0.0000811358   0.0000858568  -0.0000027522
       -0.0001823684  -0.0000518327  -0.0001472238  -0.0000363091
       -0.1729054209  -0.0016844267  -0.0455262214  -0.0064237620  -0.0059873764
       -0.0073757899   0.0003754696   0.0002950161  -0.0000347155   0.0023618013
       -0.0143220505   0.0085744138   0.0001717099   0.0008649531   0.0001896833
        0.0009036008  -0.0000404992   0.0000201328   0.0001221544   0.0007372828
       -0.0002789605   0.4785169211   0.0150452318  -0.0343279012   0.0010905480
        0.0007426693   0.0008451576   0.0007980761  -0.0005232129  -0.0002234860
       -0.0568951258   0.0112236224   0.0008723523  -0.1507717690  -0.0156769203
        0.1098177730  -0.0432224968  -0.0071531829  -0.0028836547   0.0000491323
       -0.0000797920   0.0001012842   0.0000599367   0.0001573951   0.0000865941
       -0.0269927339  -0.0017866375  -0.0074164612  -0.0088236147   0.0013978561
       -0.0049705468  -0.0180562292   0.0168611246  -0.0179612197  -0.0003736192
       -0.0000176190   0.0005918065  -0.0002704030  -0.0000399028  -0.0003979819
        0.0002050976  -0.0000552630   0.0001193593  -0.0000005358  -0.0000109514
        0.0001140949   0.0000812627   0.0000526834   0.0000642870
       -0.0067362724  -0.0643648959  -0.0028159358  -0.0200203593  -0.0038984913
       -0.0116893901   0.0033697589  -0.0285609401   0.0074621880  -0.0010122203
       -0.0056228152   0.0055973076   0.0003523775   0.0019541254   0.0011390566
       -0.0004041115  -0.0041859373  -0.0027562824  -0.0003661031   0.0010270690
        0.0010699055   0.0150452318   0.4909763207   0.0341350524  -0.0004199390
        0.0005711364   0.0005706249  -0.0013833172  -0.0033789237  -0.0034120036
        0.0111756509  -0.1638554347   0.0563220257  -0.0160815606  -0.0466604101
        0.0136772496  -0.0079426854  -0.1747215310  -0.1111524810  -0.0001825175
       -0.0001299405  -0.0000319800   0.0001298033   0.0005019909   0.0001611099
       -0.0030564669   0.0006333904  -0.0008752495   0.0237171040  -0.0009613981
        0.0116428022   0.0031010009   0.0003667893   0.0018611203   0.0005711956
        0.0001744329  -0.0010843808   0.0002028712  -0.0000669780   0.0006510204
       -0.0002215718   0.0000824636  -0.0001774500   0.0001422588   0.0000591373
       -0.0002240855   0.0000198720   0.0000608402  -0.0000702242
       -0.0447637561   0.0001900662  -0.0863552176  -0.0187992537  -0.0061468782
       -0.0123255951   0.0014816408  -0.0124870425   0.0071936009  -0.0010468070
        0.0199161578  -0.0122712671   0.0002911119   0.0014848939   0.0005759499
       -0.0001229995  -0.0041280710  -0.0012768945  -0.0003350122  -0.0012351891
        0.0009168864  -0.0343279012   0.0341350524   0.5011464781  -0.0010175126
        0.0001276553   0.0004567471  -0.0010513918  -0.0036827068  -0.0022923897
        0.0002258308   0.0574710783  -0.0979450039   0.1108516752   0.0138702119
       -0.1533699233  -0.0031368449  -0.1102114276  -0.1357099972  -0.0000206762
       -0.0001932536   0.0000539285   0.0000080620   0.0000738093  -0.0000426494
        0.0182003384   0.0006252527   0.0076463482  -0.0167232483   0.0017034303
       -0.0079061503  -0.0101950764   0.0084750553  -0.0082890853   0.0004326021
       -0.0000096461  -0.0000671305  -0.0001316191   0.0001285349  -0.0000051377
        0.0000474015   0.0000177429   0.0000435586   0.0000439101  -0.0000579566
       -0.0000902943   0.0000895262  -0.0000667697  -0.0000867619
       -0.0001779823   0.0014547338   0.0016802516  -0.1510881581  -0.0152390045
        0.1110362432   0.0011156414   0.0006182000  -0.0009078903  -0.0000887465
        0.0000113486  -0.0000913041   0.0021580725  -0.0009509931  -0.0012237831
       -0.0001225820  -0.0000053460  -0.0000486234   0.0000207710   0.0002229854
        0.0000083212   0.0010905480  -0.0004199390  -0.0010175126   0.1726013360
        0.0172803832  -0.1304076553  -0.0268334476  -0.0033550666   0.0212738715
       -0.0002529203  -0.0000209901   0.0000035528   0.0001347112  -0.0002028583
       -0.0000379568  -0.0001426572  -0.0000037326  -0.0000841857   0.0006502293
        0.0002632075  -0.0004973184   0.0000675042  -0.0002998086  -0.0001052089
        0.0006804102   0.0004116551   0.0000217999  -0.0000296540   0.0002559673
       -0.0000393641   0.0002357548   0.0000080101   0.0001662588   0.0000293437
        0.0000300563   0.0004190649  -0.0000529681  -0.0001047688  -0.0003072797
        0.0000570313  -0.0000138378   0.0000651142  -0.0000520194  -0.0000003160
        0.0000633881  -0.0000002179   0.0000601142   0.0000302161
        0.0155969695  -0.0003239438  -0.0196448073  -0.0152726576  -0.0433230553
        0.0159710522  -0.0007816708   0.0006375344  -0.0002360812   0.0000064112
       -0.0002336149  -0.0000410756  -0.0169112395  -0.0062154914   0.0215642414
       -0.0001362960   0.0000309269  -0.0002857181   0.0005097703   0.0000687009
        0.0000159082   0.0007426693   0.0005711364   0.0001276553   0.0172803832
        0.0553086317  -0.0184386041  -0.0013671987   0.0009767643   0.0009189984
       -0.0000210521   0.0000600156   0.0000273288  -0.0004018985   0.0000768367
        0.0000316723   0.0000892056  -0.0000197062   0.0002288937   0.0006952103
       -0.0047254601   0.0037171858  -0.0004966778   0.0003706100   0.0001783928
       -0.0000606106  -0.0036514012  -0.0040220467   0.0004502959   0.0004167058
       -0.0002005188   0.0000696932  -0.0000722107   0.0000254114  -0.0000018111
        0.0000499819  -0.0000196164  -0.0000040624   0.0000185960   0.0000277179
        0.0000073895  -0.0000044258   0.0000142179  -0.0000017055  -0.0000106975
        0.0000154465   0.0000088826  -0.0000064338   0.0000243458
        0.0143771257  -0.0022747128  -0.0183947547   0.1109413484   0.0159499294
       -0.1609729990   0.0007892907  -0.0004454855   0.0003831154   0.0000429245
       -0.0000323184   0.0002389199   0.0114878211   0.0058898553  -0.0148256796
        0.0000242317  -0.0001471713   0.0002749545  -0.0006964119   0.0002477698
       -0.0000380445   0.0008451576   0.0005706249   0.0004567471  -0.1304076553
       -0.0184386041   0.1895825560  -0.0064635918  -0.0008923032   0.0075275785
       -0.0000400887   0.0000241771  -0.0003487455  -0.0007256976  -0.0003024803
        0.0000103867   0.0000381474   0.0001050741   0.0003308724  -0.0001661571
        0.0037456855  -0.0019002399  -0.0000204906  -0.0003914978   0.0005531516
        0.0003044349  -0.0039972737  -0.0030340902  -0.0000025439   0.0003618859
        0.0005565884  -0.0002225366  -0.0000044398  -0.0001879944  -0.0001068232
        0.0000007866  -0.0003025929   0.0000604422   0.0000587791   0.0001516540
       -0.0000615226   0.0000170062  -0.0000377092   0.0000068876   0.0000038901
       -0.0000241763  -0.0000042924  -0.0000491770   0.0000005017
       -0.0039711366  -0.0017574657  -0.0029310764  -0.2390976658  -0.0071572040
       -0.0820629705   0.0004679048   0.0021262415  -0.0012571859  -0.0001427910
       -0.0000087552   0.0000612396  -0.0071677980   0.0018963507  -0.0042136251
       -0.0005110419   0.0001098750  -0.0004955046   0.0003827598  -0.0000553135
        0.0000433119   0.0007980761  -0.0013833172  -0.0010513918  -0.0268334476
       -0.0013671987  -0.0064635918   0.2745597101   0.0076150494   0.0978591360
        0.0000822692   0.0000027765   0.0003509082   0.0003308893   0.0001024137
        0.0000489972  -0.0003363653  -0.0000723309  -0.0004118385   0.0005925908
       -0.0002943522   0.0000469737  -0.0000300372   0.0002218799   0.0002638931
        0.0005392928   0.0002671909   0.0000330524   0.0000892476  -0.0002827943
        0.0002333058   0.0001166424   0.0000113014   0.0000533660   0.0001404345
       -0.0000323385  -0.0002258631  -0.0000145087   0.0000715180   0.0001427787
       -0.0000217366  -0.0000005700   0.0000017959   0.0000383971   0.0000160810
       -0.0000260632  -0.0000116860  -0.0000290379   0.0000003525
       -0.0216737413  -0.0033417795  -0.0116248947  -0.0071381055  -0.0401607504
       -0.0025835419   0.0011515694  -0.0040249210   0.0032529431   0.0000071535
       -0.0000938166  -0.0000096495   0.0237315629  -0.0022651930   0.0119482571
        0.0012589369  -0.0002622456   0.0007930209  -0.0002261120  -0.0001345157
       -0.0000345405  -0.0005232129  -0.0033789237  -0.0036827068  -0.0033550666
        0.0009767643  -0.0008923032   0.0076150494   0.0516579742   0.0035230587
       -0.0000003774  -0.0003501140  -0.0000303178   0.0002824097  -0.0000939329
        0.0000368809  -0.0012162092  -0.0003338560  -0.0008566888   0.0001462764
        0.0006440040  -0.0002700564   0.0003583514   0.0003660117  -0.0000735840
       -0.0000872901   0.0005793213   0.0003747856  -0.0004167590   0.0002167720
        0.0000781267   0.0001004970   0.0000749010   0.0000565253  -0.0000135954
       -0.0000863360  -0.0000540524   0.0000021943   0.0000796532   0.0000461575
        0.0000021306  -0.0000140789   0.0000012200  -0.0000011953  -0.0000072994
       -0.0000030232  -0.0000044668  -0.0000476392   0.0000043834
       -0.0186140370  -0.0039313927  -0.0097008127  -0.0818146969  -0.0025895400
       -0.0788790942  -0.0005262589   0.0030926191  -0.0013297393  -0.0001632792
       -0.0000220894   0.0001122035  -0.0157381357   0.0024921442  -0.0075241316
       -0.0009028135   0.0000767605  -0.0004646191   0.0000133537   0.0000420511
       -0.0000492464  -0.0002234860  -0.0034120036  -0.0022923897   0.0212738715
        0.0009189984   0.0075275785   0.0978591360   0.0035230587   0.0923502053
        0.0003020448  -0.0000278615   0.0003572956   0.0000585907  -0.0000442803
       -0.0000538498  -0.0010729271  -0.0001727828  -0.0006075799  -0.0003828445
       -0.0002229957  -0.0001051929   0.0001902588  -0.0003129296   0.0003575176
       -0.0004189368   0.0002582081  -0.0000259551   0.0001019220   0.0003147576
        0.0004445323  -0.0001440176   0.0000091012  -0.0001273810   0.0002016287
       -0.0000308089  -0.0000760279  -0.0000131296   0.0000329390   0.0000254206
        0.0000102277  -0.0000031314   0.0000249819   0.0000184510   0.0000107410
        0.0000141335  -0.0000149223  -0.0000015631   0.0000221510
       -0.0126152312   0.0185619342  -0.0157738181   0.0018538000   0.0001136159
        0.0002397143  -0.0556896926   0.0013476277   0.0074959495  -0.1347235179
       -0.0139745953   0.1077634149  -0.0091376705  -0.0172909348  -0.0174839091
        0.0001268540   0.0035474592   0.0018821991  -0.0010347148   0.0169730667
        0.0156515582  -0.0568951258   0.0111756509   0.0002258308  -0.0002529203
       -0.0000210521  -0.0000400887   0.0000822692  -0.0000003774   0.0003020448
        0.3437549280   0.0004732800  -0.0954669986   0.0014034931  -0.0184091834
        0.0124225315   0.0000314444  -0.0000907709  -0.0002015848  -0.0000724513
       -0.0008476615  -0.0008385472  -0.0040274709  -0.0009317661  -0.0026485638
       -0.0001448402   0.0009107309  -0.0006968005  -0.0041018710   0.0006482384
       -0.0025216286  -0.0647552644  -0.0019419584  -0.0148620003  -0.0021123640
        0.0008637497   0.0054092214  -0.0016935667  -0.0015292535  -0.0025194224
        0.0004359049  -0.0001428979   0.0003105442  -0.0004273035   0.0001760367
        0.0012845571  -0.0000046885   0.0003890609   0.0000657964
        0.0088337742  -0.0019144960   0.0058548558   0.0000502914  -0.0001478072
       -0.0000378009   0.0012400973  -0.1480514006  -0.0639932968  -0.0139100452
       -0.0443041312   0.0153020420  -0.0083745616  -0.0029978532  -0.0068371845
       -0.0008030103  -0.0274604142  -0.0164982803   0.0009135643  -0.0005424911
       -0.0034739038   0.0112236224  -0.1638554347   0.0574710783  -0.0000209901
        0.0000600156   0.0000241771   0.0000027765  -0.0003501140  -0.0000278615
        0.0004732800   0.4394376577  -0.0065014017  -0.0005243364  -0.0066633180
        0.0074131548   0.0043370960  -0.0275987270   0.0115821856   0.0003305537
        0.0002543778   0.0001722599   0.0001735483   0.0008982182   0.0001220720
       -0.0005525158   0.0004073270  -0.0002870618  -0.0005805281   0.0009571638
       -0.0002514015  -0.0022532645  -0.0191789081  -0.0006354944  -0.0002339301
        0.0011019859   0.0005862931  -0.0003385134  -0.0001151682  -0.0002815375
        0.0000965503  -0.0000164314   0.0000330123  -0.0000900242   0.0000204046
        0.0002022341   0.0000065649   0.0000595442   0.0000618596
       -0.0109868450   0.0102941979  -0.0097983136   0.0010807586   0.0000145805
        0.0006517435   0.0080212312  -0.0626775568  -0.1147890533   0.1107168344
        0.0157949068  -0.1596608001  -0.0108565998  -0.0105332589  -0.0122105286
       -0.0001373992   0.0104038820   0.0080811077   0.0020321267  -0.0199329122
       -0.0204957590   0.0008723523   0.0563220257  -0.0979450039   0.0000035528
        0.0000273288  -0.0003487455   0.0003509082  -0.0000303178   0.0003572956
       -0.0954669986  -0.0065014017   0.4425680993  -0.0008271745   0.0221841314
       -0.0167743402   0.0018985032  -0.0154079849   0.0081883594   0.0010447436
        0.0004856250   0.0007179011  -0.0017408552  -0.0002643531  -0.0005114746
        0.0010621496  -0.0003991502   0.0006008211  -0.0018120534   0.0002278045
       -0.0004958167  -0.0107085202  -0.0003653634  -0.0238590623   0.0038568874
       -0.0007571092  -0.0055065049   0.0016567433   0.0014477949   0.0026456712
       -0.0004747998   0.0002737295  -0.0002344732   0.0003631909  -0.0001947526
       -0.0011761468   0.0000512634  -0.0004118463  -0.0000049764
       -0.0258817121  -0.0031197331   0.0178446272   0.0007918035   0.0005011555
        0.0009919269   0.0001668970   0.0003033636  -0.0004506698   0.0007015662
        0.0005065216  -0.0002292220  -0.0000561453  -0.0002740370  -0.0000684799
       -0.0000319911   0.0001033545  -0.0001154133   0.0001528210  -0.0003340421
       -0.0000517194  -0.1507717690  -0.0160815606   0.1108516752   0.0001347112
       -0.0004018985  -0.0007256976   0.0003308893   0.0002824097   0.0000585907
        0.0014034931  -0.0005243364  -0.0008271745   0.1782718940   0.0180417803
       -0.1277319053  -0.0004668790   0.0007274566   0.0023894654  -0.0000453583
        0.0002033628  -0.0000828016  -0.0000838563   0.0000178172  -0.0000521196
       -0.0064280819  -0.0002118121  -0.0024948824   0.0004786930   0.0001123056
        0.0003842155   0.0015122251   0.0003352916   0.0000536479  -0.0001110880
       -0.0001217999   0.0004147237  -0.0000002898  -0.0000482338  -0.0003006710
        0.0000395375  -0.0000237211   0.0000481825  -0.0000866922  -0.0000131177
        0.0000769936  -0.0000206680   0.0000194733   0.0000167078
       -0.0004834836   0.0005828884   0.0003677890  -0.0006570510   0.0002814123
        0.0005132083  -0.0008181827   0.0009400072   0.0011815880   0.0011307081
       -0.0042120204   0.0021809641  -0.0000691005  -0.0001913948  -0.0001188709
        0.0001683517   0.0002766505  -0.0001383129   0.0004243037  -0.0004037606
       -0.0003676560  -0.0156769203  -0.0466604101   0.0138702119  -0.0002028583
        0.0000768367  -0.0003024803   0.0001024137  -0.0000939329  -0.0000442803
       -0.0184091834  -0.0066633180   0.0221841314   0.0180417803   0.0546483614
       -0.0203292268   0.0165769468   0.0007364044  -0.0194070594   0.0001861129
       -0.0000322120  -0.0000189002   0.0000147572  -0.0000425013   0.0000237942
       -0.0002056679   0.0006706767   0.0001825140   0.0004592479   0.0000143499
       -0.0001794630   0.0000181687   0.0000988117  -0.0000773868  -0.0005451728
        0.0000181932   0.0005118175  -0.0000651022  -0.0000409269  -0.0001298159
        0.0000432183  -0.0000141296  -0.0000031483  -0.0000287345   0.0000112802
        0.0000735620  -0.0000045518  -0.0000012660   0.0000270201
       -0.0072279664  -0.0012861414   0.0075712374  -0.0009420080   0.0002016516
        0.0009450897  -0.0002456686  -0.0011010653   0.0009385293  -0.0009952364
        0.0034966324  -0.0006102469   0.0000681614  -0.0000593384  -0.0000114687
       -0.0001012358  -0.0002682576  -0.0000487275  -0.0000341297   0.0002192462
        0.0005212570   0.1098177730   0.0136772496  -0.1533699233  -0.0000379568
        0.0000316723   0.0000103867   0.0000489972   0.0000368809  -0.0000538498
        0.0124225315   0.0074131548  -0.0167743402  -0.1277319053  -0.0203292268
        0.1807013582   0.0165897812  -0.0015863385  -0.0189178443  -0.0000478361
       -0.0000115739  -0.0002026579  -0.0000144386   0.0000543662  -0.0000195625
       -0.0022419659  -0.0003034190  -0.0001234433  -0.0000011128  -0.0001957577
        0.0004874757   0.0000702938  -0.0001544327  -0.0003347432   0.0005687704
        0.0000330381  -0.0010005687   0.0001125299   0.0001255158   0.0005767522
       -0.0001324894   0.0000238062  -0.0000871371   0.0000942553   0.0000373960
       -0.0001821831  -0.0000391442  -0.0000550589  -0.0000153896
       -0.0051996353  -0.0208786811  -0.0195466812  -0.0049562116  -0.0003477762
       -0.0024858476   0.0007949588   0.0011846171  -0.0005169074   0.0001954576
       -0.0005172961  -0.0002264947   0.0000668690   0.0001874779   0.0000945457
        0.0001416699   0.0003938842   0.0000517461   0.0000408431  -0.0001418592
       -0.0001442943  -0.0432224968  -0.0079426854  -0.0031368449  -0.0001426572
        0.0000892056   0.0000381474  -0.0003363653  -0.0012162092  -0.0010729271
        0.0000314444   0.0043370960   0.0018985032  -0.0004668790   0.0165769468
        0.0165897812   0.0522739131   0.0078991882   0.0084081874  -0.0000257354
       -0.0000033607  -0.0000339642   0.0000580903   0.0000303015   0.0000503924
        0.0004794085  -0.0004818291  -0.0001855052   0.0005721269  -0.0001815816
        0.0001203962  -0.0001593632   0.0007039731   0.0001096417  -0.0001036355
        0.0002879010  -0.0001028718   0.0000631709  -0.0001809282   0.0001763203
       -0.0000722747   0.0000958402  -0.0000812749   0.0000168186   0.0000352754
       -0.0000473706  -0.0000495171   0.0000704997   0.0000433221
       -0.0014806833  -0.0016095315  -0.0027485558  -0.0010065578   0.0010950186
       -0.0002013568   0.0007789392  -0.0049392939   0.0036163467  -0.0000559276
        0.0002875099  -0.0007037739   0.0002211789   0.0003466107   0.0000621984
       -0.0001057222  -0.0016540188  -0.0008372939  -0.0001042153   0.0001893611
        0.0002852040  -0.0071531829  -0.1747215310  -0.1102114276  -0.0000037326
       -0.0000197062   0.0001050741  -0.0000723309  -0.0003338560  -0.0001727828
       -0.0000907709  -0.0275987270  -0.0154079849   0.0007274566   0.0007364044
       -0.0015863385   0.0078991882   0.2075031674   0.1271017917   0.0000253567
       -0.0000683965   0.0000522278   0.0000012140   0.0000205210   0.0000301714
       -0.0002250862  -0.0000788756   0.0001496222   0.0001233179   0.0005251151
        0.0001761860   0.0005572066   0.0000899128   0.0001672777   0.0000492907
        0.0002096021  -0.0000869327  -0.0000802271   0.0000232261   0.0001471613
        0.0000387901  -0.0000399261   0.0000314153   0.0000266348   0.0000019265
        0.0000004966  -0.0000701369   0.0000354870   0.0000312736
       -0.0036609004  -0.0112350488  -0.0099932905  -0.0036813220  -0.0000677648
       -0.0008410646  -0.0002292637   0.0022166707  -0.0003592737  -0.0001603462
        0.0002712228   0.0005558330   0.0001060965   0.0002104925   0.0000112297
       -0.0000628720   0.0005626804   0.0003299692  -0.0001257990   0.0001850867
        0.0000124933  -0.0028836547  -0.1111524810  -0.1357099972  -0.0000841857
        0.0002288937   0.0003308724  -0.0004118385  -0.0008566888  -0.0006075799
       -0.0002015848   0.0115821856   0.0081883594   0.0023894654  -0.0194070594
       -0.0189178443   0.0084081874   0.1271017917   0.1560982424  -0.0000360569
       -0.0000032876  -0.0000312035   0.0000488169   0.0000484608   0.0000124007
        0.0003406371   0.0001523026   0.0005975415   0.0000856412   0.0000209014
       -0.0002681056   0.0003387532   0.0003551675   0.0005010670  -0.0001101641
       -0.0001391203   0.0000998017   0.0000233003   0.0001814002  -0.0000568336
       -0.0000025394  -0.0000325262   0.0000196417  -0.0000807229  -0.0000911541
        0.0000726312  -0.0000096480  -0.0001321257  -0.0000448902
        0.0003192627   0.0002348352  -0.0002286239   0.0027194917  -0.0002539582
       -0.0014685772  -0.0270495507  -0.0031414832   0.0180842184  -0.0000984558
       -0.0004411825  -0.0007168412  -0.1467373106  -0.0137957686   0.1123684839
        0.0004236342   0.0002181784   0.0004103266  -0.0063828815  -0.0004129181
       -0.0022923574   0.0000491323  -0.0001825175  -0.0000206762   0.0006502293
        0.0006952103  -0.0001661571   0.0005925908   0.0001462764  -0.0003828445
       -0.0000724513   0.0003305537   0.0010447436  -0.0000453583   0.0001861129
       -0.0000478361  -0.0000257354   0.0000253567  -0.0000360569   0.1755938424
        0.0152448525  -0.1287541702   0.0002367368   0.0008776423   0.0019053759
        0.0002506353  -0.0002165407  -0.0000864155   0.0000018082   0.0000568649
       -0.0001165746   0.0000210814   0.0000665490  -0.0001548517  -0.0005016677
        0.0003823159   0.0006027137   0.0001307162  -0.0001374228  -0.0002582085
        0.0000147838   0.0000010782   0.0000813225  -0.0000812062   0.0000035820
        0.0001614015  -0.0000093276   0.0001123833   0.0000716048
       -0.0007651963   0.0008039096   0.0011785385  -0.0166890818  -0.0062172406
        0.0210343167  -0.0008367247   0.0006837476   0.0007878709  -0.0003793344
        0.0000133336  -0.0004206682  -0.0132355767  -0.0470731824   0.0121245724
        0.0005278846   0.0000607923  -0.0001971133  -0.0003406197   0.0006641612
        0.0001231101  -0.0000797920  -0.0001299405  -0.0001932536   0.0002632075
       -0.0047254601   0.0037456855  -0.0002943522   0.0006440040  -0.0002229957
       -0.0008476615   0.0002543778   0.0004856250   0.0002033628  -0.0000322120
       -0.0000115739  -0.0000033607  -0.0000683965  -0.0000032876   0.0152448525
        0.0555458995  -0.0185899577   0.0166479303   0.0004782420  -0.0200600874
        0.0003257307  -0.0006799374  -0.0003226352   0.0001384852   0.0002396397
       -0.0001167158   0.0000035405  -0.0000684971  -0.0000950599   0.0001098106
       -0.0004744256   0.0007176613  -0.0000237974   0.0000991658  -0.0003267326
        0.0001037927  -0.0000179627   0.0001497957  -0.0000761734  -0.0000068434
        0.0001436583   0.0000030735   0.0000068250   0.0000692464
       -0.0001585348  -0.0009413260   0.0009080946   0.0113387838   0.0061827886
       -0.0151105074  -0.0073952227  -0.0010691694   0.0076646174  -0.0004514191
       -0.0001469177  -0.0000442518   0.1136222754   0.0129043284  -0.1661144406
       -0.0000823960  -0.0002463043   0.0005635440  -0.0024802699  -0.0003844864
       -0.0001457116   0.0001012842  -0.0000319800   0.0000539285  -0.0004973184
        0.0037171858  -0.0019002399   0.0000469737  -0.0002700564  -0.0001051929
       -0.0008385472   0.0001722599   0.0007179011  -0.0000828016  -0.0000189002
       -0.0002026579  -0.0000339642   0.0000522278  -0.0000312035  -0.1287541702
       -0.0185899577   0.1913392943   0.0155941427  -0.0016396385  -0.0185669188
       -0.0000763382   0.0001416980   0.0005338631  -0.0001393966  -0.0003073466
       -0.0000447215   0.0002716064   0.0000241399   0.0001894639  -0.0000180351
        0.0004526516   0.0002917450   0.0000008253  -0.0002635631  -0.0004713706
        0.0000884153   0.0000255732   0.0001669960  -0.0000718977   0.0000285860
        0.0001729137   0.0000160049   0.0002082072   0.0001348549
        0.0005536728   0.0011671067  -0.0004733025   0.0006038604   0.0040536437
        0.0026642891  -0.0055665434  -0.0218164042  -0.0196507703  -0.0001849137
        0.0000103231  -0.0000493644  -0.0425893237  -0.0101356647  -0.0055348547
        0.0006170572  -0.0001379733   0.0000949070   0.0005177757  -0.0004103646
       -0.0000906559   0.0000599367   0.0001298033   0.0000080620   0.0000675042
       -0.0004966778  -0.0000204906  -0.0000300372   0.0003583514   0.0001902588
       -0.0040274709   0.0001735483  -0.0017408552  -0.0000838563   0.0000147572
       -0.0000144386   0.0000580903   0.0000012140   0.0000488169   0.0002367368
        0.0166479303   0.0155941427   0.0510100412   0.0111786049   0.0104151404
        0.0000339656  -0.0001366007  -0.0001957904   0.0001075500   0.0003396855
        0.0000262341  -0.0014011295  -0.0009532243  -0.0013416364   0.0000241708
       -0.0000537881  -0.0001007373   0.0000341822   0.0000530991   0.0000850292
       -0.0000196319  -0.0000072189   0.0000353628  -0.0000025567   0.0000099700
        0.0000309439  -0.0000190805   0.0000098790   0.0000197093
        0.0011758476  -0.0052325395   0.0037288543  -0.0002483491  -0.0251144088
       -0.0146766514  -0.0015485837  -0.0021705659  -0.0030366534  -0.0000520804
       -0.0000301704   0.0002081732  -0.0103529187  -0.1832323042  -0.1111109530
        0.0001371728   0.0005370843   0.0001053785  -0.0000905674  -0.0000730906
        0.0001112065   0.0001573951   0.0005019909   0.0000738093  -0.0002998086
        0.0003706100  -0.0003914978   0.0002218799   0.0003660117  -0.0003129296
       -0.0009317661   0.0008982182  -0.0002643531   0.0000178172  -0.0000425013
        0.0000543662   0.0000303015   0.0000205210   0.0000484608   0.0008776423
        0.0004782420  -0.0016396385   0.0111786049   0.2146551907   0.1281397139
       -0.0000576696   0.0001557703   0.0003171546  -0.0000716708  -0.0018094928
       -0.0008908284  -0.0002600354  -0.0002252890  -0.0002584912   0.0000918444
       -0.0000769577  -0.0004278968   0.0000183805   0.0001294595   0.0003222910
       -0.0000463844  -0.0000055022  -0.0000372031   0.0000575198  -0.0000095243
       -0.0000537561  -0.0000045719  -0.0000907521  -0.0000085560
       -0.0002246413   0.0023376929  -0.0003846614   0.0005304378   0.0114810333
        0.0079579400  -0.0036745235  -0.0111698874  -0.0098630679  -0.0002062902
        0.0001696917   0.0004115334  -0.0058337822  -0.1116489215  -0.1296288654
        0.0001585339  -0.0000427577  -0.0002816957   0.0003596358   0.0001467143
        0.0005234862   0.0000865941   0.0001611099  -0.0000426494  -0.0001052089
        0.0001783928   0.0005531516   0.0002638931  -0.0000735840   0.0003575176
       -0.0026485638   0.0001220720  -0.0005114746  -0.0000521196   0.0000237942
       -0.0000195625   0.0000503924   0.0000301714   0.0000124007   0.0019053759
       -0.0200600874  -0.0185669188   0.0104151404   0.1281397139   0.1501005180
       -0.0001379033   0.0001308773   0.0000279873  -0.0000977756   0.0005853064
        0.0003873742  -0.0009477633  -0.0006060109  -0.0007498645   0.0001493727
        0.0001153776  -0.0002837649   0.0000156810   0.0000141930   0.0001721078
       -0.0000549617   0.0000017038  -0.0000604617   0.0000625341   0.0000096942
       -0.0000783128  -0.0000140578  -0.0000462896  -0.0000327172
       -0.1456374517  -0.0155208248   0.1112754889   0.0005176735   0.0008971604
        0.0012483597   0.0000216523   0.0002045439  -0.0000204289  -0.0002082009
        0.0005039522  -0.0007073899   0.0002569268  -0.0002931433  -0.0001066261
       -0.0000602906  -0.0000038292  -0.0000575095   0.0000046976  -0.0001702946
       -0.0000739497  -0.0269927339  -0.0030564669   0.0182003384   0.0006804102
       -0.0000606106   0.0003044349   0.0005392928  -0.0000872901  -0.0004189368
       -0.0001448402  -0.0005525158   0.0010621496  -0.0064280819  -0.0002056679
       -0.0022419659   0.0004794085  -0.0002250862   0.0003406371   0.0002506353
        0.0003257307  -0.0000763382   0.0000339656  -0.0000576696  -0.0001379033
        0.1742493654   0.0192440228  -0.1280896032   0.0026866697  -0.0004517937
       -0.0010021981   0.0001088546  -0.0000061014  -0.0001275282  -0.0003958538
       -0.0005163054   0.0008266754   0.0001091817   0.0000152238  -0.0004882599
        0.0000422679  -0.0000066137   0.0000899461  -0.0001220464  -0.0000251481
        0.0001691632   0.0000084976   0.0000487276   0.0000314442
       -0.0162746634  -0.0482533173   0.0198583903   0.0154667705  -0.0004246555
       -0.0190823480   0.0000845728  -0.0001213778   0.0001605653   0.0004367096
        0.0000257174   0.0003372186   0.0007097418   0.0009148741  -0.0012052432
       -0.0000350092  -0.0000556276  -0.0000291891  -0.0001866542  -0.0000867575
        0.0000202388  -0.0017866375   0.0006333904   0.0006252527   0.0004116551
       -0.0036514012  -0.0039972737   0.0002671909   0.0005793213   0.0002582081
        0.0009107309   0.0004073270  -0.0003991502  -0.0002118121   0.0006706767
       -0.0003034190  -0.0004818291  -0.0000788756   0.0001523026  -0.0002165407
       -0.0006799374   0.0001416980  -0.0001366007   0.0001557703   0.0001308773
        0.0192440228   0.0556882672  -0.0181532151  -0.0181166078  -0.0055203631
        0.0222116542   0.0000718529  -0.0000875375   0.0000840205  -0.0001651732
       -0.0000924721  -0.0008615446   0.0000430840   0.0004818913   0.0005060839
       -0.0000760681  -0.0000780848  -0.0001559190   0.0000643128  -0.0000765589
       -0.0001556514  -0.0000230480  -0.0003502696  -0.0001435571
        0.1124601522   0.0192121627  -0.1650695322   0.0142744864  -0.0025358471
       -0.0187133302   0.0001074240   0.0000122080   0.0000808232  -0.0004350662
        0.0000858603   0.0000367664  -0.0001793286   0.0009297614   0.0008781961
       -0.0000405650  -0.0000495088  -0.0000430513  -0.0001180192   0.0000261874
       -0.0001889104  -0.0074164612  -0.0008752495   0.0076463482   0.0000217999
       -0.0040220467  -0.0030340902   0.0000330524   0.0003747856  -0.0000259551
       -0.0006968005  -0.0002870618   0.0006008211  -0.0024948824   0.0001825140
       -0.0001234433  -0.0001855052   0.0001496222   0.0005975415  -0.0000864155
       -0.0003226352   0.0005338631  -0.0001957904   0.0003171546   0.0000279873
       -0.1280896032  -0.0181532151   0.1913838325   0.0126315539   0.0055778385
       -0.0150248590   0.0003285113  -0.0000449988   0.0002173965   0.0000600970
       -0.0005678165   0.0002546490  -0.0000092271   0.0000966924  -0.0003619280
        0.0000878514  -0.0000277651   0.0001563251  -0.0000500640  -0.0000252982
        0.0001410090  -0.0000071997  -0.0000533443   0.0000295408
       -0.0480654045   0.0318908568  -0.0164135868   0.0006918413  -0.0008814605
        0.0006807133   0.0001059075  -0.0001861630  -0.0000141937  -0.0001914202
       -0.0000423164  -0.0000150462   0.0007552769  -0.0004039849  -0.0000516602
       -0.0000113683   0.0000027478   0.0000223334  -0.0000775203  -0.0000251357
       -0.0000094311  -0.0088236147   0.0237171040  -0.0167232483  -0.0000296540
        0.0004502959  -0.0000025439   0.0000892476  -0.0004167590   0.0001019220
       -0.0041018710  -0.0005805281  -0.0018120534   0.0004786930   0.0004592479
       -0.0000011128   0.0005721269   0.0001233179   0.0000856412   0.0000018082
        0.0001384852  -0.0001393966   0.0001075500  -0.0000716708  -0.0000977756
        0.0026866697  -0.0181166078   0.0126315539   0.0572068413  -0.0370081329
        0.0229215453  -0.0014172977   0.0009740732  -0.0011572385   0.0000410095
       -0.0001128425  -0.0000995605   0.0000303906   0.0000448705   0.0000595226
       -0.0000293224   0.0000122147   0.0000182910  -0.0000032322   0.0000234191
        0.0000083187  -0.0000166572   0.0000089688   0.0000070063
        0.0321047593  -0.2078771879   0.0974035539   0.0034761953  -0.0250057261
        0.0101080074  -0.0002203625   0.0004765287   0.0000068441   0.0000587249
        0.0000392271  -0.0002696366  -0.0004261825  -0.0044888319  -0.0043645166
       -0.0000667989   0.0000431045  -0.0000528720  -0.0000134788  -0.0000313400
       -0.0000550275   0.0013978561  -0.0009613981   0.0017034303   0.0002559673
        0.0004167058   0.0003618859  -0.0002827943   0.0002167720   0.0003147576
        0.0006482384   0.0009571638   0.0002278045   0.0001123056   0.0000143499
       -0.0001957577  -0.0001815816   0.0005251151   0.0000209014   0.0000568649
        0.0002396397  -0.0003073466   0.0003396855  -0.0018094928   0.0005853064
       -0.0004517937  -0.0055203631   0.0055778385  -0.0370081329   0.2430265382
       -0.1115513720   0.0003232484  -0.0001802328   0.0001978014  -0.0001179689
       -0.0000270937   0.0003476739  -0.0000046261  -0.0000334675  -0.0002353930
        0.0000606379  -0.0000108442   0.0000582123  -0.0000620604  -0.0000242079
        0.0000783679   0.0000012971   0.0000150411   0.0000395366
       -0.0167281560   0.0978904391  -0.0992799899   0.0026357701  -0.0160346156
        0.0078193587   0.0000773930  -0.0000773752  -0.0000696137  -0.0001818002
       -0.0002457180   0.0003484945   0.0000032916  -0.0029249490  -0.0013449019
        0.0000140492  -0.0000149304  -0.0000033754  -0.0000560790  -0.0000331222
       -0.0000261183  -0.0049705468   0.0116428022  -0.0079061503  -0.0000393641
       -0.0002005188   0.0005565884   0.0002333058   0.0000781267   0.0004445323
       -0.0025216286  -0.0002514015  -0.0004958167   0.0003842155  -0.0001794630
        0.0004874757   0.0001203962   0.0001761860  -0.0002681056  -0.0001165746
       -0.0001167158  -0.0000447215   0.0000262341  -0.0008908284   0.0003873742
       -0.0010021981   0.0222116542  -0.0150248590   0.0229215453  -0.1115513720
        0.1152719526  -0.0009152912   0.0005416159  -0.0006130390   0.0001303829
       -0.0000092359  -0.0002876586   0.0000042335   0.0001415245   0.0001915203
       -0.0000442661  -0.0000327334  -0.0000463515   0.0000391309  -0.0000206513
       -0.0000666701  -0.0000140436  -0.0000987182  -0.0000299252
        0.0028874881   0.0045832759  -0.0014505690  -0.0001834963   0.0000007262
        0.0004521223  -0.0155102032  -0.0039643476  -0.0096504910  -0.0232096055
       -0.0006340613  -0.0130726433   0.0033494811  -0.0035702938  -0.0017749062
        0.0006501686  -0.0008600161   0.0006355028   0.0015767419   0.0000655293
        0.0000399353  -0.0180562292   0.0031010009  -0.0101950764   0.0002357548
        0.0000696932  -0.0002225366   0.0001166424   0.0001004970  -0.0001440176
       -0.0647552644  -0.0022532645  -0.0107085202   0.0015122251   0.0000181687
        0.0000702938  -0.0001593632   0.0005572066   0.0003387532   0.0000210814
        0.0000035405   0.0002716064  -0.0014011295  -0.0002600354  -0.0009477633
        0.0001088546   0.0000718529   0.0003285113  -0.0014172977   0.0003232484
       -0.0009152912   0.1151685516   0.0027548473   0.0457751246  -0.0006052374
       -0.0002744123   0.0001325731   0.0001716994  -0.0000541490   0.0013373777
       -0.0004670544   0.0000304549  -0.0001599052  -0.0000099941   0.0000986229
       -0.0000188635  -0.0000238143   0.0000919150  -0.0001212172
        0.0004515618  -0.0026995034   0.0020078413  -0.0000022741  -0.0000010208
        0.0000057443  -0.0163679650  -0.0007114204  -0.0085171326  -0.0019690559
        0.0012356327  -0.0010740042   0.0001004423  -0.0024069334  -0.0023929095
       -0.0007794224  -0.0001305370  -0.0003672436  -0.0001802132   0.0000335782
        0.0002440181   0.0168611246   0.0003667893   0.0084750553   0.0000080101
       -0.0000722107  -0.0000044398   0.0000113014   0.0000749010   0.0000091012
       -0.0019419584  -0.0191789081  -0.0003653634   0.0003352916   0.0000988117
       -0.0001544327   0.0007039731   0.0000899128   0.0003551675   0.0000665490
       -0.0000684971   0.0000241399  -0.0009532243  -0.0002252890  -0.0006060109
       -0.0000061014  -0.0000875375  -0.0000449988   0.0009740732  -0.0001802328
        0.0005416159   0.0027548473   0.0239534115   0.0017680235  -0.0000513876
       -0.0000249045   0.0000637192  -0.0000042722   0.0001269262   0.0000478530
       -0.0000064273  -0.0000220983   0.0000133528  -0.0000124585  -0.0000526312
        0.0000121173   0.0000075859  -0.0001182394  -0.0000412137
        0.0011567632   0.0037844252  -0.0009680617   0.0000288319  -0.0000046023
        0.0003190175  -0.0199891732  -0.0031440071  -0.0098519082   0.0056515788
        0.0001409720   0.0043195525   0.0015722264  -0.0037692554  -0.0018146492
        0.0003757369  -0.0002879540   0.0005145642  -0.0000414140   0.0000966475
       -0.0003011609  -0.0179612197   0.0018611203  -0.0082890853   0.0001662588
        0.0000254114  -0.0001879944   0.0000533660   0.0000565253  -0.0001273810
       -0.0148620003  -0.0006354944  -0.0238590623   0.0000536479  -0.0000773868
       -0.0003347432   0.0001096417   0.0001672777   0.0005010670  -0.0001548517
       -0.0000950599   0.0001894639  -0.0013416364  -0.0002584912  -0.0007498645
       -0.0001275282   0.0000840205   0.0002173965  -0.0011572385   0.0001978014
       -0.0006130390   0.0457751246   0.0017680235   0.0416235201   0.0004339226
       -0.0001074075  -0.0009276930   0.0000497583   0.0003645951   0.0012458648
        0.0000952933  -0.0000311071  -0.0004289819   0.0001449915   0.0000498101
       -0.0003399705  -0.0000320796  -0.0001858641  -0.0001368514
       -0.0002982256   0.0000878806   0.0000806038   0.0001158404   0.0000161351
       -0.0001799639  -0.0002794844  -0.0006369868   0.0002859159  -0.0039754926
       -0.0007190302  -0.0001706107  -0.0002446756  -0.0001423943   0.0000252044
       -0.0000212779  -0.0001559100  -0.0001440227  -0.0001927232   0.0004003511
        0.0006741343  -0.0003736192   0.0005711956   0.0004326021   0.0000293437
       -0.0000018111  -0.0001068232   0.0001404345  -0.0000135954   0.0002016287
       -0.0021123640  -0.0002339301   0.0038568874  -0.0001110880  -0.0005451728
        0.0005687704  -0.0001036355   0.0000492907  -0.0001101641  -0.0005016677
        0.0001098106  -0.0000180351   0.0000241708   0.0000918444   0.0001493727
       -0.0003958538  -0.0001651732   0.0000600970   0.0000410095  -0.0001179689
        0.0001303829  -0.0006052374  -0.0000513876   0.0004339226   0.0630646723
        0.0121940207   0.0189903431  -0.0696099102  -0.0071788049  -0.0163867032
        0.0013201794  -0.0118506753  -0.0336698243   0.0083208137   0.0115560332
        0.0283549089   0.0057687907  -0.0032637216  -0.0034586271
        0.0003984795   0.0002570341  -0.0001071249  -0.0000266875   0.0002427995
       -0.0000438863   0.0000279651   0.0002875441   0.0001642525  -0.0029708704
       -0.0033021010   0.0027202245  -0.0000844737   0.0002617414  -0.0000956735
       -0.0003982481   0.0001497910   0.0002420435   0.0001663973   0.0000948108
       -0.0001818663  -0.0000176190   0.0001744329  -0.0000096461   0.0000300563
        0.0000499819   0.0000007866  -0.0000323385  -0.0000863360  -0.0000308089
        0.0008637497   0.0011019859  -0.0007571092  -0.0001217999   0.0000181932
        0.0000330381   0.0002879010   0.0002096021  -0.0001391203   0.0003823159
       -0.0004744256   0.0004526516  -0.0000537881  -0.0000769577   0.0001153776
       -0.0005163054  -0.0000924721  -0.0005678165  -0.0001128425  -0.0000270937
       -0.0000092359  -0.0002744123  -0.0000249045  -0.0001074075   0.0121940207
        0.1048093653   0.1285507511  -0.0051841022  -0.0947737059  -0.0697284037
       -0.0111348649   0.0116778283  -0.0041147213   0.0109252273   0.0090703003
       -0.0086097945  -0.0043477603  -0.0295474142  -0.0477765107
        0.0002220144   0.0000026260   0.0001441738   0.0000462022   0.0001379440
        0.0005144966   0.0005872187   0.0014157693   0.0000047447  -0.0056340358
       -0.0001092617   0.0042113507   0.0003463338   0.0001719508  -0.0000496171
       -0.0000856828  -0.0001993163   0.0001980810   0.0004586990  -0.0003824099
       -0.0011232211   0.0005918065  -0.0010843808  -0.0000671305   0.0004190649
       -0.0000196164  -0.0003025929  -0.0002258631  -0.0000540524  -0.0000760279
        0.0054092214   0.0005862931  -0.0055065049   0.0004147237   0.0005118175
       -0.0010005687  -0.0001028718  -0.0000869327   0.0000998017   0.0006027137
        0.0007176613   0.0002917450  -0.0001007373  -0.0004278968  -0.0002837649
        0.0008266754  -0.0008615446   0.0002546490  -0.0000995605   0.0003476739
       -0.0002876586   0.0001325731   0.0000637192  -0.0009276930   0.0189903431
        0.1285507511   0.3781206452  -0.0108809710  -0.0667149614  -0.2370697490
       -0.0341196315  -0.0048567665  -0.0558276566   0.0262021415  -0.0095711886
       -0.0618862241  -0.0040003775  -0.0481378780  -0.0194312784
       -0.0001069426  -0.0000264507  -0.0000617515  -0.0000085814  -0.0000091237
       -0.0000358831  -0.0002262146  -0.0002469473  -0.0001251255   0.0033741159
        0.0007984265  -0.0017051544  -0.0001156007   0.0000108864  -0.0000257648
        0.0000431022   0.0001111800   0.0000458949  -0.0000320986   0.0000729449
        0.0001166471  -0.0002704030   0.0002028712  -0.0001316191  -0.0000529681
       -0.0000040624   0.0000604422  -0.0000145087   0.0000021943  -0.0000131296
       -0.0016935667  -0.0003385134   0.0016567433  -0.0000002898  -0.0000651022
        0.0001125299   0.0000631709  -0.0000802271   0.0000233003   0.0001307162
       -0.0000237974   0.0000008253   0.0000341822   0.0000183805   0.0000156810
        0.0001091817   0.0000430840  -0.0000092271   0.0000303906  -0.0000046261
        0.0000042335   0.0001716994  -0.0000042722   0.0000497583  -0.0696099102
       -0.0051841022  -0.0108809710   0.3376428700   0.0018882615  -0.0019741163
       -0.1110855640   0.0322759295  -0.0283206233  -0.1145734196  -0.0263675332
        0.0398983118  -0.0438093611  -0.0030694010   0.0012989982
       -0.0001577250  -0.0002373083  -0.0000269536   0.0000187410  -0.0003164841
       -0.0000732496  -0.0000666472  -0.0004581052  -0.0000861321   0.0044795222
        0.0009882390  -0.0040539370  -0.0001275139  -0.0001493456   0.0002119447
        0.0001347146   0.0000344621  -0.0001670669  -0.0001544297   0.0000134548
        0.0002939553  -0.0000399028  -0.0000669780   0.0001285349  -0.0001047688
        0.0000185960   0.0000587791   0.0000715180   0.0000796532   0.0000329390
       -0.0015292535  -0.0001151682   0.0014477949  -0.0000482338  -0.0000409269
        0.0001255158  -0.0001809282   0.0000232261   0.0001814002  -0.0001374228
        0.0000991658  -0.0002635631   0.0000530991   0.0001294595   0.0000141930
        0.0000152238   0.0004818913   0.0000966924   0.0000448705  -0.0000334675
        0.0001415245  -0.0000541490   0.0001269262   0.0003645951  -0.0071788049
       -0.0947737059  -0.0667149614   0.0018882615   0.3359333087   0.0138606618
        0.0366789466  -0.0598758689   0.0189513163  -0.0299656000  -0.0532127261
        0.0199348220  -0.0036395179  -0.1286482980   0.0155411947
       -0.0003254854  -0.0000443558   0.0001298000  -0.0000547533  -0.0001548423
       -0.0001347531  -0.0003691646  -0.0009071655  -0.0001709970   0.0091111341
        0.0005110608  -0.0089921611  -0.0005014525  -0.0001415060   0.0003571060
        0.0001942471   0.0001316373  -0.0002127452  -0.0003007400   0.0000458878
        0.0006416168  -0.0003979819   0.0006510204  -0.0000051377  -0.0003072797
        0.0000277179   0.0001516540   0.0001427787   0.0000461575   0.0000254206
       -0.0025194224  -0.0002815375   0.0026456712  -0.0003006710  -0.0001298159
        0.0005767522   0.0001763203   0.0001471613  -0.0000568336  -0.0002582085
       -0.0003267326  -0.0004713706   0.0000850292   0.0003222910   0.0001721078
       -0.0004882599   0.0005060839  -0.0003619280   0.0000595226  -0.0002353930
        0.0001915203   0.0013373777   0.0000478530   0.0012458648  -0.0163867032
       -0.0697284037  -0.2370697490  -0.0019741163   0.0138606618   0.3758417237
       -0.0187520263   0.0126616653  -0.0445650433   0.0297116465   0.0143260154
       -0.0507646682   0.0021182088   0.0286645389  -0.0391738504
        0.0000827035  -0.0000169053   0.0000188203   0.0000312652  -0.0000159716
        0.0000328549   0.0001595441   0.0001834397   0.0001127250  -0.0016382927
       -0.0002546204   0.0012230806   0.0000910129  -0.0000137463   0.0000116536
       -0.0000576334  -0.0000189632  -0.0000177991   0.0000094063  -0.0000223492
       -0.0001220839   0.0002050976  -0.0002215718   0.0000474015   0.0000570313
        0.0000073895  -0.0000615226  -0.0000217366   0.0000021306   0.0000102277
        0.0004359049   0.0000965503  -0.0004747998   0.0000395375   0.0000432183
       -0.0001324894  -0.0000722747   0.0000387901  -0.0000025394   0.0000147838
        0.0001037927   0.0000884153  -0.0000196319  -0.0000463844  -0.0000549617
        0.0000422679  -0.0000760681   0.0000878514  -0.0000293224   0.0000606379
       -0.0000442661  -0.0004670544  -0.0000064273   0.0000952933   0.0013201794
       -0.0111348649  -0.0341196315  -0.1110855640   0.0366789466  -0.0187520263
        0.1556473470  -0.0447116793   0.0587686102  -0.0403320899   0.0119344539
       -0.0060747162  -0.0044124815   0.0073902022  -0.0006400977
        0.0000067008   0.0000626098   0.0000152789  -0.0000140480   0.0000634326
        0.0000188977  -0.0000352524   0.0000109510  -0.0000508253   0.0004067576
        0.0000562098  -0.0003254422  -0.0000222130   0.0000243088  -0.0000369673
        0.0000119854  -0.0000067122   0.0000097373   0.0000024862  -0.0000148883
        0.0000104465  -0.0000552630   0.0000824636   0.0000177429  -0.0000138378
       -0.0000044258   0.0000170062  -0.0000005700  -0.0000140789  -0.0000031314
       -0.0001428979  -0.0000164314   0.0002737295  -0.0000237211  -0.0000141296
        0.0000238062   0.0000958402  -0.0000399261  -0.0000325262   0.0000010782
       -0.0000179627   0.0000255732  -0.0000072189  -0.0000055022   0.0000017038
       -0.0000066137  -0.0000780848  -0.0000277651   0.0000122147  -0.0000108442
       -0.0000327334   0.0000304549  -0.0000220983  -0.0000311071  -0.0118506753
        0.0116778283  -0.0048567665   0.0322759295  -0.0598758689   0.0126616653
       -0.0447116793   0.0710762028  -0.0204741919  -0.0076772612   0.0026785278
       -0.0021573593   0.0317178043  -0.0256115812   0.0149532281
        0.0000557062  -0.0000115154  -0.0000369439   0.0000543186  -0.0000186316
        0.0000172006   0.0000738054   0.0001352185   0.0000954815  -0.0016917524
       -0.0001343478   0.0007535638   0.0000416262  -0.0000111500  -0.0000056222
       -0.0000740452  -0.0000062862  -0.0000000979   0.0000503173   0.0000349730
       -0.0000811358   0.0001193593  -0.0001774500   0.0000435586   0.0000651142
        0.0000142179  -0.0000377092   0.0000017959   0.0000012200   0.0000249819
        0.0003105442   0.0000330123  -0.0002344732   0.0000481825  -0.0000031483
       -0.0000871371  -0.0000812749   0.0000314153   0.0000196417   0.0000813225
        0.0001497957   0.0001669960   0.0000353628  -0.0000372031  -0.0000604617
        0.0000899461  -0.0001559190   0.0001563251   0.0000182910   0.0000582123
       -0.0000463515  -0.0001599052   0.0000133528  -0.0004289819  -0.0336698243
       -0.0041147213  -0.0558276566  -0.0283206233   0.0189513163  -0.0445650433
        0.0587686102  -0.0204741919   0.0936351055   0.0106096136  -0.0041039745
        0.0073036792  -0.0064264906   0.0098258050  -0.0008049198
        0.0000148405   0.0000435136   0.0000246821   0.0000090056   0.0000009795
       -0.0000164373   0.0000338796  -0.0001390915   0.0000290747   0.0014799213
        0.0000854300  -0.0014615015   0.0000172776  -0.0000261292   0.0000284961
        0.0000013038   0.0000166886  -0.0000570744  -0.0000938398   0.0000132554
        0.0000858568  -0.0000005358   0.0001422588   0.0000439101  -0.0000520194
       -0.0000017055   0.0000068876   0.0000383971  -0.0000011953   0.0000184510
       -0.0004273035  -0.0000900242   0.0003631909  -0.0000866922  -0.0000287345
        0.0000942553   0.0000168186   0.0000266348  -0.0000807229  -0.0000812062
       -0.0000761734  -0.0000718977  -0.0000025567   0.0000575198   0.0000625341
       -0.0001220464   0.0000643128  -0.0000500640  -0.0000032322  -0.0000620604
        0.0000391309  -0.0000099941  -0.0000124585   0.0001449915   0.0083208137
        0.0109252273   0.0262021415  -0.1145734196  -0.0299656000   0.0297116465
       -0.0403320899  -0.0076772612   0.0106096136   0.1534698197   0.0346362063
       -0.0686096643  -0.0076171418  -0.0079315932   0.0028824994
       -0.0000236573   0.0000508472   0.0000301801  -0.0000003054   0.0000577267
        0.0000199172   0.0000053307   0.0000271496   0.0000030605  -0.0003168848
       -0.0001657789   0.0001518987  -0.0000199379   0.0000295356  -0.0000227991
       -0.0000146564  -0.0000032523   0.0000172858  -0.0000011443   0.0000011623
       -0.0000027522  -0.0000109514   0.0000591373  -0.0000579566  -0.0000003160
       -0.0000106975   0.0000038901   0.0000160810  -0.0000072994   0.0000107410
        0.0001760367   0.0000204046  -0.0001947526  -0.0000131177   0.0000112802
        0.0000373960   0.0000352754   0.0000019265  -0.0000911541   0.0000035820
       -0.0000068434   0.0000285860   0.0000099700  -0.0000095243   0.0000096942
       -0.0000251481  -0.0000765589  -0.0000252982   0.0000234191  -0.0000242079
       -0.0000206513   0.0000986229  -0.0000526312   0.0000498101   0.0115560332
        0.0090703003  -0.0095711886  -0.0263675332  -0.0532127261   0.0143260154
        0.0119344539   0.0026785278  -0.0041039745   0.0346362063   0.0625636694
       -0.0186379998  -0.0317013584  -0.0210021476   0.0180400519
        0.0000218085  -0.0000287594  -0.0000538486   0.0000211407  -0.0000093316
        0.0000226777   0.0000573929   0.0002226815  -0.0000106769  -0.0034419985
       -0.0003741267   0.0027198177   0.0000021233   0.0000120865  -0.0000327066
       -0.0000499684   0.0000113772   0.0000641551   0.0000793006  -0.0000165309
       -0.0001823684   0.0001140949  -0.0002240855  -0.0000902943   0.0000633881
        0.0000154465  -0.0000241763  -0.0000260632  -0.0000030232   0.0000141335
        0.0012845571   0.0002022341  -0.0011761468   0.0000769936   0.0000735620
       -0.0001821831  -0.0000473706   0.0000004966   0.0000726312   0.0001614015
        0.0001436583   0.0001729137   0.0000309439  -0.0000537561  -0.0000783128
        0.0001691632  -0.0001556514   0.0001410090   0.0000083187   0.0000783679
       -0.0000666701  -0.0000188635   0.0000121173  -0.0003399705   0.0283549089
       -0.0086097945  -0.0618862241   0.0398983118   0.0199348220  -0.0507646682
       -0.0060747162  -0.0021573593   0.0073036792  -0.0686096643  -0.0186379998
        0.1061846184   0.0079247970   0.0095635686  -0.0018073888
        0.0000704798   0.0000211291   0.0000158996  -0.0000021417   0.0000153700
        0.0000141290   0.0000625910   0.0000586628   0.0000226132  -0.0001592319
        0.0000898029   0.0000811900   0.0000409874  -0.0000021637  -0.0000037860
       -0.0000307531  -0.0000175162  -0.0000326941  -0.0000238546  -0.0000292684
       -0.0000518327   0.0000812627   0.0000198720   0.0000895262  -0.0000002179
        0.0000088826  -0.0000042924  -0.0000116860  -0.0000044668  -0.0000149223
       -0.0000046885   0.0000065649   0.0000512634  -0.0000206680  -0.0000045518
       -0.0000391442  -0.0000495171  -0.0000701369  -0.0000096480  -0.0000093276
        0.0000030735   0.0000160049  -0.0000190805  -0.0000045719  -0.0000140578
        0.0000084976  -0.0000230480  -0.0000071997  -0.0000166572   0.0000012971
       -0.0000140436  -0.0000238143   0.0000075859  -0.0000320796   0.0057687907
       -0.0043477603  -0.0040003775  -0.0438093611  -0.0036395179   0.0021182088
       -0.0044124815   0.0317178043  -0.0064264906  -0.0076171418  -0.0317013584
        0.0079247970   0.0501780133   0.0078943152   0.0003169364
       -0.0000124042   0.0001388752   0.0000924157   0.0000122551   0.0001988996
        0.0000550168   0.0000207712   0.0002760583   0.0001302919  -0.0019012043
       -0.0006456100   0.0014186625  -0.0000008774   0.0000994870  -0.0000830127
       -0.0000768201  -0.0000378520   0.0000754402   0.0001038108   0.0000318807
       -0.0001472238   0.0000526834   0.0000608402  -0.0000667697   0.0000601142
       -0.0000064338  -0.0000491770  -0.0000290379  -0.0000476392  -0.0000015631
        0.0003890609   0.0000595442  -0.0004118463   0.0000194733  -0.0000012660
       -0.0000550589   0.0000704997   0.0000354870  -0.0001321257   0.0001123833
        0.0000068250   0.0002082072   0.0000098790  -0.0000907521  -0.0000462896
        0.0000487276  -0.0003502696  -0.0000533443   0.0000089688   0.0000150411
       -0.0000987182   0.0000919150  -0.0001182394  -0.0001858641  -0.0032637216
       -0.0295474142  -0.0481378780  -0.0030694010  -0.1286482980   0.0286645389
        0.0073902022  -0.0256115812   0.0098258050  -0.0079315932  -0.0210021476
        0.0095635686   0.0078943152   0.2051845649  -0.0005650755
        0.0000336818   0.0000084858  -0.0000317753   0.0000160561   0.0000181012
        0.0000195681  -0.0000002624   0.0000791960   0.0000479865  -0.0006345447
       -0.0003432145   0.0003234090  -0.0000031368  -0.0000112351  -0.0000265936
       -0.0000586323   0.0000302972   0.0000262796   0.0000179000   0.0000313664
       -0.0000363091   0.0000642870  -0.0000702242  -0.0000867619   0.0000302161
        0.0000243458   0.0000005017   0.0000003525   0.0000043834   0.0000221510
        0.0000657964   0.0000618596  -0.0000049764   0.0000167078   0.0000270201
       -0.0000153896   0.0000433221   0.0000312736  -0.0000448902   0.0000716048
        0.0000692464   0.0001348549   0.0000197093  -0.0000085560  -0.0000327172
        0.0000314442  -0.0001435571   0.0000295408   0.0000070063   0.0000395366
       -0.0000299252  -0.0001212172  -0.0000412137  -0.0001368514  -0.0034586271
       -0.0477765107  -0.0194312784   0.0012989982   0.0155411947  -0.0391738504
       -0.0006400977   0.0149532281  -0.0008049198   0.0028824994   0.0180400519
       -0.0018073888   0.0003169364  -0.0005650755   0.0610593358
