           1           2   1.0096087045211002     
           2           5   1.0096698658120209     
           3           5  0.99834178227465065     
           3           6  0.97827938183091545     
           3           7  0.97533602031826894     
           1           8  0.99828402927728888     
           2           9  0.97606889646033457     
           2          10  0.97679421590879367     
           3          11   1.0122087737757377     
           4          11  0.94402228357444873     
           8          11   1.0125510704184069     
           8          12  0.97536965103243400     
           8          13  0.97853008813103537     
           5          14  0.97773133757645381     
           5          15  0.97493568045837864     
           1          16  0.97766405869678508     
           1          17  0.97514204448364028     
          11          18  0.90151598267383704     
          19          20   1.1633980403533966     
          20          21  0.93701562643588177     
          20          22  0.93861960969113722     
          20          23  0.93606621560454029     
