$hessian                                                                        
        0.5218234077  -0.0287679392  -0.0070326163  -0.0999600629  -0.0545287832
       -0.0089325837   0.0001682490  -0.0007000718   0.0003650168   0.0004977044
       -0.0000096844  -0.0015251511   0.0060672626   0.0079088702   0.0020353617
        0.0000142736   0.0000500817  -0.0000284332  -0.0000774064   0.0000546224
       -0.0000160471  -0.0665511422  -0.0004963670  -0.0013588400  -0.0004883945
       -0.0020126060  -0.0009543075  -0.0190525992  -0.0265811414  -0.0031702066
       -0.0010485197  -0.0005039029  -0.0126602513  -0.0005872911  -0.0043196968
       -0.0150022492  -0.0018438281   0.0052712900   0.0287670147  -0.0003121068
        0.0031519141  -0.0014180020   0.0008568209   0.0011763747  -0.0001588775
       -0.0968167409   0.0814540858  -0.0497552411  -0.2408253811   0.0165512121
        0.0742558956   0.0000450213   0.0000205468   0.0000121639  -0.0003753099
        0.0002420771   0.0004963423  -0.0017466713   0.0023406179  -0.0038956432
        0.0000724966   0.0000650069  -0.0000262728  -0.0000288964  -0.0002411741
        0.0000434583   0.0001691146  -0.0001253329  -0.0000405305
       -0.0287679392   0.4904797763  -0.0261913600  -0.0551384745  -0.1607458271
       -0.0186350717  -0.0008455212   0.0013140313  -0.0016971582  -0.0004054433
        0.0005326672   0.0007693550  -0.0074951229  -0.0301578160   0.0012017684
       -0.0000279972  -0.0000985611   0.0002355800   0.0000002901   0.0003076052
       -0.0001898740   0.0000220380  -0.0688021688  -0.0228902221  -0.0052918329
       -0.0088956081  -0.0039124520  -0.0032580001  -0.0015101534   0.0006271731
        0.0006115737   0.0032384535   0.0172900439  -0.0021111538  -0.0068516010
       -0.0263224284   0.0004465709   0.0000139499  -0.0036683261   0.0019212482
       -0.0038370697   0.0025817446  -0.0008213838   0.0007689621  -0.0002200481
        0.0817408950  -0.1673787754   0.0796661641   0.0162642251  -0.0457602507
       -0.0040518791  -0.0000393917   0.0001300388   0.0000233622   0.0003916855
       -0.0004180256  -0.0001083182   0.0030556934  -0.0026309796   0.0056827180
        0.0000017809   0.0000583685   0.0000145404  -0.0001606665   0.0001737547
       -0.0001950615  -0.0000930736   0.0000692293  -0.0000102503
       -0.0070326163  -0.0261913600   0.4748518586  -0.0085372581  -0.0168716806
       -0.0680012238   0.0006172103  -0.0009875838   0.0009317129   0.0009146694
       -0.0007459514   0.0007991074   0.0052993527   0.0121256355   0.0016112756
        0.0000879698   0.0001318248  -0.0001074749   0.0000151313  -0.0003302186
        0.0002149434  -0.0008397290  -0.0260801894  -0.1902071018  -0.0145750355
       -0.0265804505  -0.0077116747   0.0053796509   0.0076051356   0.0015435624
       -0.0056714207   0.0036146809  -0.0235907317  -0.0012728948  -0.0036884537
       -0.0089916472   0.0034372519  -0.0028966698  -0.0167209506  -0.0009864260
        0.0031829883  -0.0007872557   0.0002687733  -0.0003397276   0.0003511796
       -0.0500272306   0.0796867682  -0.0914347138   0.0743291079  -0.0041740777
       -0.0716948550   0.0001316470  -0.0000111189   0.0001034187   0.0003144311
        0.0000516905  -0.0000495556  -0.0016142266   0.0024021687  -0.0011833195
       -0.0000977489  -0.0000875426  -0.0001117618  -0.0001167127   0.0001123758
        0.0000857823  -0.0000238965   0.0000717560   0.0000994252
       -0.0999600629  -0.0551384745  -0.0085372581   0.5102251827  -0.0048920189
       -0.0196622632  -0.0012054351   0.0020213739  -0.0052265771  -0.0001222082
       -0.0000143075  -0.0000877838  -0.0971020847   0.0462445823  -0.0279883670
        0.0007671788  -0.0005461892   0.0011049903   0.0007060394  -0.0001754360
       -0.0000810676  -0.0013320063  -0.0039300496  -0.0041880203  -0.0449614478
        0.0008180249   0.0037273734  -0.2434780070   0.0168601592   0.0690388121
       -0.0000809342  -0.0000444803  -0.0002266401   0.0007189817   0.0001571249
       -0.0001113281   0.0008131327   0.0009399575   0.0008303690   0.0059596020
       -0.0105656728   0.0062140381  -0.0180954809   0.0231847252  -0.0134999685
        0.0059014906   0.0112065870   0.0015583166  -0.0189313170  -0.0262383048
       -0.0035674452   0.0000315780   0.0000041415   0.0000150198  -0.0000295118
       -0.0000197747  -0.0000520338   0.0001699092   0.0001282023   0.0007181395
        0.0000187966  -0.0000595443  -0.0000054509   0.0000129203   0.0000519924
       -0.0000259385  -0.0000263160   0.0000073817   0.0000530833
       -0.0545287832  -0.1607458271  -0.0168716806  -0.0048920189   0.4502489542
        0.0170363468  -0.0005117489   0.0025217068   0.0038324969  -0.0000453415
        0.0001657110  -0.0000693198   0.0455691350  -0.1366334870   0.0455992336
       -0.0002512710   0.0003982206  -0.0004669573  -0.0003243810   0.0010053169
       -0.0015950778  -0.0052258972  -0.0099285811  -0.0093645785   0.0008925023
       -0.0493667256  -0.0452657091   0.0168721416  -0.0427732474  -0.0065778088
        0.0000444101  -0.0001433345   0.0004364331  -0.0000908721   0.0007140070
       -0.0014269365  -0.0001111394   0.0004015351   0.0006179768   0.0114541219
       -0.0245239832   0.0133266311   0.0056054068  -0.0048542034   0.0030084931
       -0.0110258760  -0.0250896357  -0.0022275745  -0.0034597270  -0.0016575838
       -0.0000670115   0.0000202362   0.0001403907  -0.0000203442   0.0000421291
       -0.0000794604   0.0000335496  -0.0000003790   0.0001293694   0.0000733438
        0.0000256341   0.0000400553  -0.0000107327  -0.0000621920   0.0000186145
        0.0000003074   0.0000039103   0.0000121877  -0.0000010808
       -0.0089325837  -0.0186350717  -0.0680012238  -0.0196622632   0.0170363468
        0.5285835275  -0.0141393415   0.0205379095  -0.0233724530  -0.0002195467
       -0.0000652727  -0.0001720792  -0.0281046357   0.0473622535  -0.0950306602
       -0.0008313968   0.0005905965   0.0008054998  -0.0010143359  -0.0007261674
       -0.0064431765  -0.0138602287  -0.0258263095  -0.0108831818   0.0041518288
       -0.0452481301  -0.2635766089   0.0689794029  -0.0065836564  -0.0689817346
        0.0002426441   0.0004501865   0.0020277454  -0.0010753604  -0.0022759767
       -0.0061800614  -0.0008902442  -0.0004062776   0.0007896731   0.0009993741
       -0.0008459807   0.0015628944   0.0032041504  -0.0057512892   0.0042791026
        0.0057388393   0.0120285707   0.0021429093   0.0052171257   0.0082706799
        0.0019215879   0.0000833942  -0.0000303423   0.0000178309   0.0001429764
        0.0000561959   0.0001051648   0.0001002148   0.0000547105   0.0004243418
       -0.0000802483   0.0000544761  -0.0000508322  -0.0000676271  -0.0000633752
        0.0000050059   0.0000178614   0.0000159236   0.0000267282
        0.0001682490  -0.0008455212   0.0006172103  -0.0012054351  -0.0005117489
       -0.0141393415   0.5205775941  -0.0366664831  -0.0042448697  -0.0195352939
       -0.0255581600  -0.0001740291  -0.0664735073  -0.0003959100  -0.0011281846
       -0.2404043115   0.0188449834   0.0720771299  -0.0991523043   0.0819375341
       -0.0514443486   0.0053615409   0.0086425051   0.0009594269  -0.0007876088
        0.0023515368  -0.0022626499   0.0004747676  -0.0000883474  -0.0011094592
       -0.0966747959  -0.0468343398  -0.0004458552  -0.0004024969   0.0032367851
       -0.0014400865   0.0008025680   0.0014479967  -0.0003334306  -0.0008875132
       -0.0048698055  -0.0156232154  -0.0013961562   0.0056870275   0.0279569720
       -0.0000678075   0.0000323471  -0.0000695236   0.0000431230   0.0000899904
       -0.0000351164   0.0000163146   0.0000293856   0.0000345594   0.0006059314
        0.0008117004  -0.0004605405  -0.0015980509  -0.0076082449  -0.0093460749
        0.0007361520   0.0001140838   0.0004591939  -0.0000277529   0.0000698810
       -0.0000026555  -0.0001732063   0.0000828039   0.0001548888
       -0.0007000718   0.0013140313  -0.0009875838   0.0020213739   0.0025217068
        0.0205379095  -0.0366664831   0.4760043757  -0.0296527824  -0.0033298874
       -0.0019617582   0.0000278356  -0.0001462721  -0.0696099516  -0.0247392431
        0.0191439137  -0.0456064231  -0.0049908323   0.0821085196  -0.1660759993
        0.0809933480  -0.0084539288  -0.0298598549   0.0021502132   0.0020477398
       -0.0027799033   0.0034668272  -0.0005131861   0.0004298715   0.0004442244
       -0.0469531230  -0.1458214788  -0.0044397356   0.0018708653  -0.0040389735
        0.0025693735  -0.0012626043   0.0008457977  -0.0004315952  -0.0023450507
       -0.0076250895  -0.0268634376   0.0005824838  -0.0002993716  -0.0046811694
       -0.0000189867   0.0003995548  -0.0001430896  -0.0000592496  -0.0001069703
        0.0002361791   0.0000842578   0.0000818474   0.0000106747   0.0001225445
        0.0007939362   0.0002051886  -0.0075496545  -0.0081748391  -0.0131959289
        0.0001236331  -0.0003046421  -0.0007330134  -0.0000327603  -0.0001703626
       -0.0000416082  -0.0000740730   0.0000444966   0.0002582455
        0.0003650168  -0.0016971582   0.0009317129  -0.0052265771   0.0038324969
       -0.0233724530  -0.0042448697  -0.0296527824   0.4774384850   0.0057983910
        0.0078330709   0.0011454653  -0.0018551657  -0.0278782494  -0.1891540221
        0.0731802545  -0.0046731077  -0.0680725395  -0.0515093430   0.0804639218
       -0.0929629431   0.0044795089   0.0109779505   0.0013573308  -0.0015749300
        0.0026109413  -0.0014365959   0.0005870455  -0.0006595919   0.0009727671
        0.0012675935  -0.0028433334  -0.0577537572  -0.0012352854   0.0027621261
       -0.0008405180   0.0002185511  -0.0003633617   0.0003181723  -0.0014227167
       -0.0042648370  -0.0097795171   0.0033413481  -0.0032041907  -0.0167824366
        0.0000375122  -0.0002887365   0.0002182713   0.0000529836   0.0001876337
       -0.0000201153   0.0000262577   0.0000168463   0.0000721626  -0.0011776118
       -0.0003682991   0.0009773646  -0.0211254065  -0.0318646447  -0.0226134852
       -0.0001033803  -0.0003213404  -0.0003850636   0.0001486281  -0.0003948328
       -0.0003323884  -0.0000278050  -0.0002105213   0.0000741032
        0.0004977044  -0.0004054433   0.0009146694  -0.0001222082  -0.0000453415
       -0.0002195467  -0.0195352939  -0.0033298874   0.0057983910   0.2609520565
       -0.0204520398  -0.0870151540   0.0005076506   0.0007298681   0.0006904445
       -0.0020982438  -0.0036479075  -0.0000703451   0.0005485074   0.0004264737
        0.0001822993  -0.0185606808   0.0055508349   0.0037649414  -0.0000067917
       -0.0000109934  -0.0000429634   0.0001276447   0.0000236589   0.0001643552
       -0.2252822410   0.0175057740   0.0732664702   0.0005729013  -0.0003273253
        0.0003100166  -0.0019102447   0.0032587751  -0.0014066537   0.0002779882
        0.0001507524   0.0000776981   0.0002978995  -0.0004029179  -0.0006400300
        0.0002608842  -0.0001221144   0.0001319179   0.0003610104   0.0001144939
       -0.0006922449  -0.0000861630   0.0000002907  -0.0000551629   0.0017447137
       -0.0003036703  -0.0003539445   0.0012772151   0.0013709264   0.0055855644
        0.0001588065   0.0000686686  -0.0002451456   0.0000997301  -0.0001677799
       -0.0001813127  -0.0000828455   0.0000149040   0.0000357356
       -0.0000096844   0.0005326672  -0.0007459514  -0.0000143075   0.0001657110
       -0.0000652727  -0.0255581600  -0.0019617582   0.0078330709  -0.0204520398
        0.0570836773   0.0101366906  -0.0005839718   0.0005692738   0.0008186954
       -0.0036567207  -0.0043390118  -0.0006112903  -0.0003390760   0.0005244502
        0.0003261411   0.0236399039  -0.0049184234  -0.0055527644   0.0000006821
       -0.0000885629   0.0000095379   0.0000329317  -0.0002393339   0.0000280905
        0.0170123330  -0.0443874419  -0.0057296179   0.0004028311   0.0002620891
       -0.0004564603   0.0031952694  -0.0034121778   0.0021084379   0.0001971199
        0.0000508824   0.0001567601   0.0001370947  -0.0002152479  -0.0005188182
       -0.0001615384  -0.0000387083  -0.0002122711  -0.0001347588   0.0001770807
        0.0003927945  -0.0000265277  -0.0001620558   0.0000324514  -0.0000750829
        0.0010633519  -0.0017500405   0.0062572533  -0.0005279149  -0.0060524276
       -0.0000245188  -0.0001330877  -0.0001217241  -0.0000907036   0.0000328991
        0.0002005397   0.0002516714  -0.0000383582  -0.0002265717
       -0.0015251511   0.0007693550   0.0007991074  -0.0000877838  -0.0000693198
       -0.0001720792  -0.0001740291   0.0000278356   0.0011454653  -0.0870151540
        0.0101366906   0.0974716520  -0.0013977416  -0.0006130656   0.0007754133
       -0.0002309743  -0.0004443897   0.0001963965   0.0002528475   0.0002669890
       -0.0000851590  -0.0102490741   0.0025279358   0.0034678039   0.0000069306
        0.0000086462  -0.0000505822   0.0002098393   0.0000267726  -0.0000912558
        0.0714056750  -0.0055821020  -0.0660438096   0.0000953257  -0.0003862354
        0.0002185281  -0.0016078982   0.0019762408  -0.0009044849   0.0000345145
        0.0000242452  -0.0001573086  -0.0000278699  -0.0004768511  -0.0001761023
        0.0000937509  -0.0000722841  -0.0000653325   0.0000487981   0.0003391150
       -0.0005510859  -0.0001364386   0.0000352629   0.0000078839  -0.0004955592
       -0.0010109421  -0.0068172750   0.0302985108  -0.0072916590  -0.0281132262
       -0.0003519355  -0.0001339239   0.0001235332  -0.0003152223   0.0002599904
        0.0000159195   0.0011686393  -0.0003183063  -0.0009940019
        0.0060672626  -0.0074951229   0.0052993527  -0.0971020847   0.0455691350
       -0.0281046357  -0.0664735073  -0.0001462721  -0.0018551657   0.0005076506
       -0.0005839718  -0.0013977416   0.5222616374   0.0235805467  -0.0169214493
       -0.0017743579   0.0063928483   0.0285802243  -0.0005724249  -0.0017578091
       -0.0149286947   0.0002108522   0.0008486921   0.0001029048  -0.0003966786
        0.0014547191  -0.0015759694  -0.0181879469   0.0236344988  -0.0133313680
       -0.0011687323  -0.0045762157  -0.0122704394  -0.0000840980  -0.0000498936
        0.0000012458   0.0000108580  -0.0000585318  -0.0000091612  -0.1021596120
       -0.0976074049  -0.0149080152  -0.2394902595   0.0190919892   0.0736827888
       -0.0004550813  -0.0035930511  -0.0001007989   0.0008575568  -0.0011510254
        0.0003210643   0.0000362242  -0.0000183110   0.0000239102  -0.0004326803
        0.0000865499   0.0004627220  -0.0019337974  -0.0037692880  -0.0028503016
        0.0000221990   0.0001079989  -0.0001470405   0.0001004095  -0.0000185016
       -0.0000031629   0.0001566106   0.0000584210  -0.0000702688
        0.0079088702  -0.0301578160   0.0121256355   0.0462445823  -0.1366334870
        0.0473622535  -0.0003959100  -0.0696099516  -0.0278782494   0.0007298681
        0.0005692738  -0.0006130656   0.0235805467   0.5057036898   0.0131570011
        0.0009711308  -0.0003743277  -0.0039881590   0.0015088783   0.0036305763
        0.0212620908   0.0010438451   0.0021804456   0.0011447949  -0.0007108321
        0.0021521807  -0.0002426872   0.0054595868  -0.0047883905   0.0020989919
       -0.0028569711  -0.0080502511  -0.0233221551   0.0000262175   0.0004824773
        0.0000810773   0.0000580305  -0.0002365938  -0.0001850761  -0.0980023858
       -0.2075940720  -0.0281036015   0.0193801108  -0.0478278474  -0.0085190380
       -0.0022930184  -0.0052867897  -0.0006282885   0.0008557934   0.0009167569
       -0.0000128636   0.0000734877   0.0001299273  -0.0000399090  -0.0003378939
       -0.0003663590   0.0001010849  -0.0034327919  -0.0051231195  -0.0039649737
        0.0001323405   0.0002104451   0.0001942356  -0.0000243902   0.0000616354
       -0.0000704489   0.0000809048   0.0000115970   0.0000413502
        0.0020353617   0.0012017684   0.0016112756  -0.0279883670   0.0455992336
       -0.0950306602  -0.0011281846  -0.0247392431  -0.1891540221   0.0006904445
        0.0008186954   0.0007754133  -0.0169214493   0.0131570011   0.4577376300
        0.0032387108  -0.0041758415  -0.0164767603  -0.0019835274  -0.0015627711
       -0.0193690172   0.0002560922   0.0004421396   0.0000381222  -0.0147893207
        0.0228322668  -0.0189558579   0.0034301265  -0.0052353736   0.0039989424
       -0.0052060697  -0.0098974260  -0.0120522179   0.0000235070   0.0002181959
        0.0000490973   0.0000754393  -0.0000806145   0.0000275146  -0.0150358341
       -0.0281832458  -0.0456681196   0.0736428983  -0.0084314411  -0.0701597890
       -0.0001869995  -0.0012131478   0.0008255041  -0.0000555932   0.0001120960
        0.0002139965   0.0001066224  -0.0000073527   0.0001107289   0.0004100361
       -0.0000315405  -0.0000986921  -0.0003001709  -0.0007052816   0.0014855947
       -0.0001733651  -0.0000684416   0.0000528851  -0.0000681149   0.0000030973
       -0.0000931582  -0.0000722425  -0.0000527735   0.0001315901
        0.0000142736  -0.0000279972   0.0000879698   0.0007671788  -0.0002512710
       -0.0008313968  -0.2404043115   0.0191439137   0.0731802545  -0.0020982438
       -0.0036567207  -0.0002309743  -0.0017743579   0.0009711308   0.0032387108
        0.2788813790  -0.0207610744  -0.0865164968  -0.0195512539   0.0050547517
        0.0050469965   0.0007924296   0.0012534918  -0.0002864108   0.0000055452
        0.0000421325  -0.0001603709   0.0002788731  -0.0001588924   0.0000712753
       -0.0198219334  -0.0029080336   0.0064329888   0.0000837975   0.0003150938
       -0.0001654916   0.0005142470  -0.0002982865   0.0000745581   0.0004803151
        0.0001686343  -0.0001826261   0.0005902770   0.0003418276   0.0006643419
        0.0000027327  -0.0000427893   0.0000068128  -0.0000991718   0.0000691659
       -0.0001609700  -0.0000669217  -0.0000251617   0.0000501421  -0.0000311268
       -0.0000154463   0.0006525328   0.0002240480   0.0005597248  -0.0002392227
        0.0008887197   0.0001165873  -0.0007681369   0.0001236431  -0.0000049278
       -0.0000500271   0.0001998613   0.0001141466   0.0000855404
        0.0000500817  -0.0000985611   0.0001318248  -0.0005461892   0.0003982206
        0.0005905965   0.0188449834  -0.0456064231  -0.0046731077  -0.0036479075
       -0.0043390118  -0.0004443897   0.0063928483  -0.0003743277  -0.0041758415
       -0.0207610744   0.0524585665   0.0090278680   0.0240660081  -0.0038916942
       -0.0067729052  -0.0014556150   0.0010564606   0.0000448545   0.0000530091
       -0.0001545704   0.0000375769   0.0000612436   0.0002014831   0.0002239575
       -0.0249598298   0.0001272031   0.0095565799   0.0001769406   0.0002077156
       -0.0001303056   0.0002709567  -0.0005928127   0.0000058010   0.0004500044
       -0.0000585635  -0.0002171224  -0.0000869271   0.0003599501  -0.0017375556
       -0.0000183883  -0.0000483752  -0.0000296159   0.0000808502  -0.0001135547
       -0.0001429220   0.0000314386  -0.0000145527  -0.0000242990   0.0001133565
       -0.0000659635  -0.0004225482   0.0008995460   0.0006958641   0.0001971901
       -0.0000346834   0.0001525467  -0.0011605680  -0.0000465710  -0.0003207237
       -0.0000011828   0.0000659183   0.0000211241   0.0001161146
       -0.0000284332   0.0002355800  -0.0001074749   0.0011049903  -0.0004669573
        0.0008054998   0.0720771299  -0.0049908323  -0.0680725395  -0.0000703451
       -0.0006112903   0.0001963965   0.0285802243  -0.0039881590  -0.0164767603
       -0.0865164968   0.0090278680   0.0849532996  -0.0132439737   0.0023703570
        0.0051610143   0.0002758701   0.0001194336   0.0001260383  -0.0001185432
       -0.0001395797   0.0003476695  -0.0006471016   0.0003215187  -0.0003474432
       -0.0022405704   0.0006605998   0.0019688710  -0.0001281285  -0.0000087014
       -0.0000765664  -0.0000501588   0.0003403611   0.0001955092   0.0003501903
        0.0001132851   0.0006905233   0.0007361558  -0.0014507807  -0.0069073600
       -0.0000186453  -0.0000143861  -0.0000608985  -0.0001391800  -0.0001454983
       -0.0000421941  -0.0000072044   0.0000048949  -0.0000248366  -0.0006114035
       -0.0009574188  -0.0007528368   0.0006145910   0.0003253584   0.0001503114
       -0.0000502266  -0.0009924275  -0.0018115726   0.0000780565   0.0000580500
        0.0000736850   0.0000532028   0.0001887249   0.0000116651
       -0.0000774064   0.0000002901   0.0000151313   0.0007060394  -0.0003243810
       -0.0010143359  -0.0991523043   0.0821085196  -0.0515093430   0.0005485074
       -0.0003390760   0.0002528475  -0.0005724249   0.0015088783  -0.0019835274
       -0.0195512539   0.0240660081  -0.0132439737   0.1111749304  -0.0935804691
        0.0607026161  -0.0005276657  -0.0023132910  -0.0004440034   0.0000191596
        0.0002023210  -0.0002947210   0.0002422136  -0.0001617851   0.0001430210
        0.0062561702  -0.0109675237   0.0061256991   0.0003707619  -0.0005997286
        0.0002139292   0.0000804433  -0.0002039259  -0.0000423459  -0.0002466267
       -0.0000651013  -0.0002286676   0.0004515987  -0.0002998307   0.0004632927
       -0.0000006381  -0.0000218921   0.0000148524  -0.0000119708  -0.0000098067
       -0.0000250810   0.0000364898   0.0000144248  -0.0000615792   0.0003202732
        0.0001464930  -0.0000569545   0.0003784003   0.0008038480   0.0008148045
       -0.0003025571   0.0002618455   0.0000849794  -0.0001409514  -0.0001957054
        0.0000343707  -0.0000011885  -0.0000301116   0.0000389887
        0.0000546224   0.0003076052  -0.0003302186  -0.0001754360   0.0010053169
       -0.0007261674   0.0819375341  -0.1660759993   0.0804639218   0.0004264737
        0.0005244502   0.0002669890  -0.0017578091   0.0036305763  -0.0015627711
        0.0050547517  -0.0038916942   0.0023703570  -0.0935804691   0.1948185859
       -0.0934121396  -0.0036370328  -0.0053228168  -0.0008272754  -0.0000861370
        0.0000221346  -0.0000921071  -0.0000988150  -0.0000406870  -0.0000780410
        0.0113010162  -0.0260862303   0.0131984964   0.0005707253  -0.0016497912
        0.0008594088  -0.0003598141   0.0002286247  -0.0001118080  -0.0000851725
        0.0005043318  -0.0001506964  -0.0002721854   0.0001227168   0.0001862364
       -0.0000122929   0.0000333425  -0.0000194834  -0.0000532912  -0.0000552968
       -0.0000381782  -0.0000150032  -0.0000238341  -0.0000136271  -0.0002836898
       -0.0003618653  -0.0000489887   0.0008743373   0.0021909036   0.0000278562
        0.0002688726  -0.0001251670  -0.0000483035  -0.0000559940   0.0002288858
        0.0000873675  -0.0000151914   0.0000159076  -0.0000008276
       -0.0000160471  -0.0001898740   0.0002149434  -0.0000810676  -0.0015950778
       -0.0064431765  -0.0514443486   0.0809933480  -0.0929629431   0.0001822993
        0.0003261411  -0.0000851590  -0.0149286947   0.0212620908  -0.0193690172
        0.0050469965  -0.0067729052   0.0051610143   0.0607026161  -0.0934121396
        0.1109252473  -0.0000909299  -0.0005979114   0.0005829687  -0.0008024924
        0.0012926830  -0.0012697340   0.0001689897  -0.0001903845  -0.0000192800
        0.0009787266  -0.0014989256   0.0016161908  -0.0000405018  -0.0001555250
        0.0000300574  -0.0000239614   0.0000091251  -0.0000838132  -0.0002071260
        0.0001715709   0.0005417793  -0.0000227764   0.0005026948   0.0005027127
        0.0000189327  -0.0000471164  -0.0000008212   0.0000062834  -0.0000314124
       -0.0000686665  -0.0000366683  -0.0000363978   0.0000088613   0.0000966561
       -0.0002266613  -0.0002289137   0.0004069346   0.0001439275   0.0009554071
        0.0001368059  -0.0000472157   0.0000379822  -0.0000213110   0.0001251945
        0.0000044967  -0.0000293157  -0.0000252291  -0.0000501366
       -0.0665511422   0.0000220380  -0.0008397290  -0.0013320063  -0.0052258972
       -0.0138602287   0.0053615409  -0.0084539288   0.0044795089  -0.0185606808
        0.0236399039  -0.0102490741   0.0002108522   0.0010438451   0.0002560922
        0.0007924296  -0.0014556150   0.0002758701  -0.0005276657  -0.0036370328
       -0.0000909299   0.5236097500   0.0310636305  -0.0179175390  -0.0009321675
       -0.0031463765  -0.0012355016   0.0004870683  -0.0003633161  -0.0010887117
       -0.0950511507   0.0424291899  -0.0189378446  -0.1028164997  -0.0974808841
       -0.0162700312  -0.2422143676   0.0146521263   0.0731356554  -0.0000712374
       -0.0000453336  -0.0000561034   0.0000454085  -0.0001000589   0.0000057672
       -0.0007467377  -0.0014796633  -0.0155508362  -0.0014913388   0.0057518329
        0.0280330038   0.0000185640  -0.0000031941   0.0000347310   0.0004493516
       -0.0012082221   0.0000045441  -0.0013117203   0.0040418570  -0.0104442757
        0.0000102529  -0.0002537182   0.0001060151   0.0008799504   0.0001467052
        0.0000486502  -0.0002584537   0.0000621119   0.0001609670
       -0.0004963670  -0.0688021688  -0.0260801894  -0.0039300496  -0.0099285811
       -0.0258263095   0.0086425051  -0.0298598549   0.0109779505   0.0055508349
       -0.0049184234   0.0025279358   0.0008486921   0.0021804456   0.0004421396
        0.0012534918   0.0010564606   0.0001194336  -0.0023132910  -0.0053228168
       -0.0005979114   0.0310636305   0.4970128969   0.0214167208  -0.0025819512
       -0.0046090256  -0.0020543612   0.0007134077   0.0005734311  -0.0002602959
        0.0433754986  -0.1324972315   0.0358917594  -0.0976203517  -0.2087211549
       -0.0304368694   0.0148912475  -0.0461751780  -0.0058468256   0.0000540706
        0.0005250618   0.0000180471   0.0000651533  -0.0002450553  -0.0001374139
        0.0014999419   0.0032314256   0.0217287910   0.0008117794  -0.0001403725
       -0.0031552276  -0.0000661268   0.0000771615  -0.0000026704  -0.0002783921
        0.0009871259  -0.0003397944  -0.0014352986   0.0053565014   0.0015613187
        0.0000641235  -0.0000578289  -0.0000734539  -0.0002136216   0.0002050368
        0.0004282018   0.0001010726   0.0000721446  -0.0003009757
       -0.0013588400  -0.0228902221  -0.1902071018  -0.0041880203  -0.0093645785
       -0.0108831818   0.0009594269   0.0021502132   0.0013573308   0.0037649414
       -0.0055527644   0.0034678039   0.0001029048   0.0011447949   0.0000381222
       -0.0002864108   0.0000448545   0.0001260383  -0.0004440034  -0.0008272754
        0.0005829687  -0.0179175390   0.0214167208   0.4557415384  -0.0006911724
       -0.0012322254   0.0005224120   0.0003707978   0.0008128883   0.0008090054
       -0.0168045361   0.0339337038  -0.0745636477  -0.0162405679  -0.0301519072
       -0.0462477809   0.0739245082  -0.0061431232  -0.0672410471   0.0000388767
        0.0001541772   0.0000856079   0.0000283175  -0.0000961811   0.0001212678
       -0.0020787577  -0.0012065213  -0.0206699385   0.0033068303  -0.0039409076
       -0.0168738280   0.0000643621  -0.0000027091   0.0000931658  -0.0008196236
        0.0002993485   0.0008170464  -0.0217566829   0.0208959431  -0.0359517119
        0.0001549569   0.0001512285  -0.0003493938  -0.0000589671   0.0001376291
       -0.0008214965  -0.0000708015   0.0002669133   0.0000468206
       -0.0004883945  -0.0052918329  -0.0145750355  -0.0449614478   0.0008925023
        0.0041518288  -0.0007876088   0.0020477398  -0.0015749300  -0.0000067917
        0.0000006821   0.0000069306  -0.0003966786  -0.0007108321  -0.0147893207
        0.0000055452   0.0000530091  -0.0001185432   0.0000191596  -0.0000861370
       -0.0008024924  -0.0009321675  -0.0025819512  -0.0006911724   0.0503531598
       -0.0002460506  -0.0014036302  -0.0037212070   0.0064043341   0.0312638762
        0.0001845511   0.0000520412   0.0003078015   0.0000121011  -0.0002480432
       -0.0008162258   0.0000043475  -0.0000945189  -0.0000856751   0.0001441053
       -0.0003323231   0.0003013032   0.0001958722  -0.0002588509  -0.0006415016
        0.0001769489   0.0004228077   0.0001462443   0.0001204600  -0.0000352443
       -0.0006618759   0.0001098288   0.0000023044   0.0000098014  -0.0000014329
        0.0000006085   0.0000055003  -0.0000085467  -0.0000060517  -0.0000425738
       -0.0000158846   0.0000395872  -0.0000103598  -0.0000149085  -0.0000290939
        0.0000094871   0.0000089890   0.0000053134   0.0000105630
       -0.0020126060  -0.0088956081  -0.0265804505   0.0008180249  -0.0493667256
       -0.0452481301   0.0023515368  -0.0027799033   0.0026109413  -0.0000109934
       -0.0000885629   0.0000086462   0.0014547191   0.0021521807   0.0228322668
        0.0000421325  -0.0001545704  -0.0001395797   0.0002023210   0.0000221346
        0.0012926830  -0.0031463765  -0.0046090256  -0.0012322254  -0.0002460506
        0.0624724519   0.0514009919   0.0008510378   0.0003663292  -0.0037106038
        0.0000858358  -0.0002682251   0.0001718359  -0.0002907453  -0.0005915306
       -0.0015534555  -0.0001096714  -0.0000365555   0.0003091852  -0.0001710728
        0.0003061209   0.0002628849  -0.0003769740   0.0005862094  -0.0000031515
        0.0002918884   0.0001504836  -0.0003245496   0.0002782946   0.0007022767
       -0.0000864436  -0.0000018246  -0.0000652687   0.0000084510  -0.0000547672
        0.0000116586   0.0000163979   0.0000306359   0.0000993503  -0.0000622669
        0.0000203470  -0.0000174894   0.0000012663   0.0000027163   0.0000044842
        0.0000335890  -0.0000084083  -0.0000002149  -0.0000082829
       -0.0009543075  -0.0039124520  -0.0077116747   0.0037273734  -0.0452657091
       -0.2635766089  -0.0022626499   0.0034668272  -0.0014365959  -0.0000429634
        0.0000095379  -0.0000505822  -0.0015759694  -0.0002426872  -0.0189558579
       -0.0001603709   0.0000375769   0.0003476695  -0.0002947210  -0.0000921071
       -0.0012697340  -0.0012355016  -0.0020543612   0.0005224120  -0.0014036302
        0.0514009919   0.3059088586   0.0038232723  -0.0033334596  -0.0150870983
        0.0005132859   0.0001708363   0.0006074846  -0.0002002056  -0.0001882449
       -0.0006562187  -0.0001361814   0.0001291022   0.0002376785   0.0003697605
        0.0000844796   0.0001284504  -0.0001153774  -0.0004261180   0.0004447773
        0.0002746695  -0.0001120159   0.0002786498  -0.0002046467   0.0003317413
        0.0003085322  -0.0000223399   0.0000100815  -0.0000244321  -0.0001998839
        0.0000468110   0.0000989539   0.0000574407  -0.0000716046  -0.0001931370
        0.0000279186   0.0000255070   0.0000660930   0.0000327108  -0.0000126504
        0.0000591186  -0.0000176830  -0.0000020828  -0.0000467386
       -0.0190525992  -0.0032580001   0.0053796509  -0.2434780070   0.0168721416
        0.0689794029   0.0004747676  -0.0005131861   0.0005870455   0.0001276447
        0.0000329317   0.0002098393  -0.0181879469   0.0054595868   0.0034301265
        0.0002788731   0.0000612436  -0.0006471016   0.0002422136  -0.0000988150
        0.0001689897   0.0004870683   0.0007134077   0.0003707978  -0.0037212070
        0.0008510378   0.0038232723   0.2852030651  -0.0194502274  -0.0797369025
       -0.0001422285  -0.0000251744  -0.0000994812   0.0002634443   0.0001515359
        0.0001246680   0.0002535439  -0.0003354181  -0.0006176295   0.0006165860
       -0.0002226690   0.0002435713  -0.0018422034   0.0033082852  -0.0018372114
        0.0005824733   0.0003158533   0.0001590963  -0.0020299854  -0.0038443038
       -0.0004428766  -0.0000876315  -0.0000167508   0.0000017965   0.0000068200
        0.0000111388   0.0000733985  -0.0000744202  -0.0000084448  -0.0000984881
        0.0000229621   0.0000805174  -0.0000664309   0.0000100090  -0.0000846611
       -0.0000202749   0.0000467579  -0.0000000294   0.0000147412
       -0.0265811414  -0.0015101534   0.0076051356   0.0168601592  -0.0427732474
       -0.0065836564  -0.0000883474   0.0004298715  -0.0006595919   0.0000236589
       -0.0002393339   0.0000267726   0.0236344988  -0.0047883905  -0.0052353736
       -0.0001588924   0.0002014831   0.0003215187  -0.0001617851  -0.0000406870
       -0.0001903845  -0.0003633161   0.0005734311   0.0008128883   0.0064043341
        0.0003663292  -0.0033334596  -0.0194502274   0.0550112259   0.0059559475
       -0.0000227073   0.0001437560  -0.0000843368   0.0002145549   0.0000544173
        0.0001643220   0.0001607128  -0.0000910200  -0.0004243209   0.0004729910
        0.0002932370  -0.0004140336   0.0032271560  -0.0034893933   0.0026765789
       -0.0003914079   0.0005335120   0.0002885895  -0.0038086979  -0.0046141758
       -0.0009433309   0.0000168987  -0.0000129083  -0.0000097543  -0.0000000541
        0.0000649804  -0.0000172880   0.0000040044  -0.0000451898   0.0000279083
        0.0000117024  -0.0000125327   0.0000199732  -0.0000122597  -0.0000327042
       -0.0000188795   0.0000081657  -0.0000225073   0.0000147755
       -0.0031702066   0.0006271731   0.0015435624   0.0690388121  -0.0065778088
       -0.0689817346  -0.0011094592   0.0004442244   0.0009727671   0.0001643552
        0.0000280905  -0.0000912558  -0.0133313680   0.0020989919   0.0039989424
        0.0000712753   0.0002239575  -0.0003474432   0.0001430210  -0.0000780410
       -0.0000192800  -0.0010887117  -0.0002602959   0.0008090054   0.0312638762
       -0.0037106038  -0.0150870983  -0.0797369025   0.0059559475   0.0774642738
       -0.0001026772  -0.0000796150  -0.0002464045   0.0000700203   0.0000430418
       -0.0001208667  -0.0000164407  -0.0003426626  -0.0000554311   0.0000488498
       -0.0004827744   0.0002711224  -0.0019643415   0.0022176987  -0.0006817504
        0.0002531355   0.0003589546  -0.0000622824  -0.0005907585  -0.0004821435
        0.0006315141   0.0000601137  -0.0000068597  -0.0000318356   0.0000109477
       -0.0000330358  -0.0000192764  -0.0000192798   0.0000302913   0.0000722563
       -0.0000107032   0.0000322069  -0.0000441116  -0.0000121457  -0.0000216176
       -0.0000103342   0.0000285877   0.0000148800   0.0000356608
       -0.0010485197   0.0006115737  -0.0056714207  -0.0000809342   0.0000444101
        0.0002426441  -0.0966747959  -0.0469531230   0.0012675935  -0.2252822410
        0.0170123330   0.0714056750  -0.0011687323  -0.0028569711  -0.0052060697
       -0.0198219334  -0.0249598298  -0.0022405704   0.0062561702   0.0113010162
        0.0009787266  -0.0950511507   0.0433754986  -0.0168045361   0.0001845511
        0.0000858358   0.0005132859  -0.0001422285  -0.0000227073  -0.0001026772
        0.5272737267  -0.0094785729  -0.0273557869   0.0062849793  -0.0107602522
        0.0056702350  -0.0192179619   0.0226479482  -0.0120033190   0.0006788751
        0.0004871061   0.0006610300   0.0005215374   0.0011003522   0.0012950846
        0.0006459255  -0.0001918805   0.0007681294   0.0005070741  -0.0005308348
        0.0016161956   0.0000925720  -0.0000039610  -0.0000805838   0.0092323186
        0.0044734129   0.0269164374  -0.0917366142  -0.0065172143  -0.0464525831
        0.0011627351  -0.0004162702   0.0004568522   0.0007644040   0.0003750095
        0.0001704854  -0.0033797574   0.0011771205   0.0039551720
       -0.0005039029   0.0032384535   0.0036146809  -0.0000444803  -0.0001433345
        0.0004501865  -0.0468343398  -0.1458214788  -0.0028433334   0.0175057740
       -0.0443874419  -0.0055821020  -0.0045762157  -0.0080502511  -0.0098974260
       -0.0029080336   0.0001272031   0.0006605998  -0.0109675237  -0.0260862303
       -0.0014989256   0.0424291899  -0.1324972315   0.0339337038   0.0000520412
       -0.0002682251   0.0001708363  -0.0000251744   0.0001437560  -0.0000796150
       -0.0094785729   0.4355958157  -0.0011863144   0.0117116262  -0.0260640863
        0.0130768918   0.0054562012  -0.0038828176   0.0018560173   0.0000669314
        0.0010989536  -0.0002538255  -0.0002383102   0.0004328281   0.0006648189
       -0.0003167766   0.0009371658  -0.0021106276  -0.0001486076   0.0004470003
       -0.0007360317  -0.0000176149   0.0000273854   0.0000079997   0.0011477192
       -0.0069834794  -0.0068577852  -0.0026524465  -0.0486665803  -0.0235500532
       -0.0001282338   0.0004296871   0.0015521216  -0.0001686903   0.0001158138
       -0.0012142768   0.0006394399   0.0002570945  -0.0001775400
       -0.0126602513   0.0172900439  -0.0235907317  -0.0002266401   0.0004364331
        0.0020277454  -0.0004458552  -0.0044397356  -0.0577537572   0.0732664702
       -0.0057296179  -0.0660438096  -0.0122704394  -0.0233221551  -0.0120522179
        0.0064329888   0.0095565799   0.0019688710   0.0061256991   0.0131984964
        0.0016161908  -0.0189378446   0.0358917594  -0.0745636477   0.0003078015
        0.0001718359   0.0006074846  -0.0000994812  -0.0000843368  -0.0002464045
       -0.0273557869  -0.0011863144   0.4286250297   0.0014162222  -0.0016465043
        0.0017368170   0.0044538809  -0.0071709844   0.0052268363  -0.0007411859
       -0.0016425566  -0.0046063900  -0.0009848568  -0.0006820922   0.0003581898
       -0.0006440822  -0.0006887412  -0.0045079047  -0.0009748624   0.0006845365
        0.0003711834  -0.0000663831   0.0000115125   0.0000830331   0.0135210161
       -0.0056500583  -0.0315571883  -0.0311043510  -0.0247331019  -0.1680435719
       -0.0011823911  -0.0009937278   0.0010320409  -0.0010189716   0.0016010671
        0.0011969465   0.0031893041  -0.0008723380  -0.0018847449
       -0.0005872911  -0.0021111538  -0.0012728948   0.0007189817  -0.0000908721
       -0.0010753604  -0.0004024969   0.0018708653  -0.0012352854   0.0005729013
        0.0004028311   0.0000953257  -0.0000840980   0.0000262175   0.0000235070
        0.0000837975   0.0001769406  -0.0001281285   0.0003707619   0.0005707253
       -0.0000405018  -0.1028164997  -0.0976203517  -0.0162405679   0.0000121011
       -0.0002907453  -0.0002002056   0.0002634443   0.0002145549   0.0000700203
        0.0062849793   0.0117116262   0.0014162222   0.1152410342   0.1123471089
        0.0203415520  -0.0201340373  -0.0269830337  -0.0030037325  -0.0000270126
        0.0000314615  -0.0000076912  -0.0000222266   0.0000027715  -0.0000239718
       -0.0002378132  -0.0000706716  -0.0002450787   0.0004800758   0.0004292658
        0.0002784748   0.0000470594  -0.0000598906  -0.0000563926   0.0003678013
       -0.0003477207  -0.0000820071   0.0003325908  -0.0004082618   0.0010781812
       -0.0001037631   0.0001836926  -0.0000607299  -0.0003182150  -0.0000936791
        0.0003796308  -0.0000420752   0.0001083191  -0.0000103658
       -0.0043196968  -0.0068516010  -0.0036884537   0.0001571249   0.0007140070
       -0.0022759767   0.0032367851  -0.0040389735   0.0027621261  -0.0003273253
        0.0002620891  -0.0003862354  -0.0000498936   0.0004824773   0.0002181959
        0.0003150938   0.0002077156  -0.0000087014  -0.0005997286  -0.0016497912
       -0.0001555250  -0.0974808841  -0.2087211549  -0.0301519072  -0.0002480432
       -0.0005915306  -0.0001882449   0.0001515359   0.0000544173   0.0000430418
       -0.0107602522  -0.0260640863  -0.0016465043   0.1123471089   0.2442184500
        0.0353660162  -0.0022836405  -0.0003315390   0.0002411799   0.0000201671
        0.0000522528  -0.0000036316   0.0000513145  -0.0000338032   0.0000235327
       -0.0000430999   0.0005142366   0.0001630390   0.0002327875  -0.0000639785
        0.0000616622  -0.0000024300  -0.0000071559   0.0000236357   0.0001770628
       -0.0002458604   0.0000484838  -0.0004023923   0.0019592031  -0.0004835152
        0.0000798979   0.0000558849  -0.0001120216  -0.0002131865   0.0000584515
        0.0001995906  -0.0000383056   0.0000202893  -0.0000497869
       -0.0150022492  -0.0263224284  -0.0089916472  -0.0001113281  -0.0014269365
       -0.0061800614  -0.0014400865   0.0025693735  -0.0008405180   0.0003100166
       -0.0004564603   0.0002185281   0.0000012458   0.0000810773   0.0000490973
       -0.0001654916  -0.0001303056  -0.0000765664   0.0002139292   0.0008594088
        0.0000300574  -0.0162700312  -0.0304368694  -0.0462477809  -0.0008162258
       -0.0015534555  -0.0006562187   0.0001246680   0.0001643220  -0.0001208667
        0.0056702350   0.0130768918   0.0017368170   0.0203415520   0.0353660162
        0.0569886410   0.0066154521   0.0090076231   0.0022052141   0.0000016545
        0.0000314772  -0.0000264832  -0.0000157468   0.0000153239  -0.0000942191
       -0.0002092863  -0.0001768359   0.0005627971  -0.0001375692  -0.0002225802
        0.0006994449  -0.0000402473   0.0000344595  -0.0000103285  -0.0000415611
        0.0003363657  -0.0002684764   0.0006913378  -0.0006568196   0.0011887866
       -0.0000771259  -0.0001668164   0.0001031001   0.0003665792   0.0000661857
       -0.0002695529  -0.0000097214  -0.0000590169   0.0000002360
       -0.0018438281   0.0004465709   0.0034372519   0.0008131327  -0.0001111394
       -0.0008902442   0.0008025680  -0.0012626043   0.0002185511  -0.0019102447
        0.0031952694  -0.0016078982   0.0000108580   0.0000580305   0.0000754393
        0.0005142470   0.0002709567  -0.0000501588   0.0000804433  -0.0003598141
       -0.0000239614  -0.2422143676   0.0148912475   0.0739245082   0.0000043475
       -0.0001096714  -0.0001361814   0.0002535439   0.0001607128  -0.0000164407
       -0.0192179619   0.0054562012   0.0044538809  -0.0201340373  -0.0022836405
        0.0066154521   0.2808632157  -0.0192614289  -0.0865425082  -0.0000042431
        0.0000358351  -0.0000132311  -0.0001028335  -0.0001227993  -0.0001119732
        0.0003996736  -0.0002244965  -0.0000558586   0.0005769112  -0.0000641613
        0.0007534407  -0.0000602422   0.0000369411   0.0000394413   0.0001595777
        0.0003301083   0.0005379565   0.0000684461  -0.0004039048   0.0000436858
        0.0001622810   0.0000925355  -0.0001019402   0.0005319782  -0.0005965663
       -0.0007344507   0.0002465343  -0.0001741822   0.0001852386
        0.0052712900   0.0000139499  -0.0028966698   0.0009399575   0.0004015351
       -0.0004062776   0.0014479967   0.0008457977  -0.0003633617   0.0032587751
       -0.0034121778   0.0019762408  -0.0000585318  -0.0002365938  -0.0000806145
       -0.0002982865  -0.0005928127   0.0003403611  -0.0002039259   0.0002286247
        0.0000091251   0.0146521263  -0.0461751780  -0.0061431232  -0.0000945189
       -0.0000365555   0.0001291022  -0.0003354181  -0.0000910200  -0.0003426626
        0.0226479482  -0.0038828176  -0.0071709844  -0.0269830337  -0.0003315390
        0.0090076231  -0.0192614289   0.0519531459   0.0072156729   0.0000049965
       -0.0000359370   0.0000158491  -0.0001306928   0.0000090535   0.0001323572
       -0.0002804494   0.0000779538   0.0004826686   0.0003696830   0.0003940443
       -0.0013625267  -0.0000237844  -0.0000108926   0.0000151584  -0.0003938664
        0.0006275112  -0.0000785517  -0.0004595711   0.0003198469  -0.0004657133
        0.0000039122  -0.0003479806   0.0002656237  -0.0000475481   0.0004421926
       -0.0002336353  -0.0000256291  -0.0001601509  -0.0000456613
        0.0287670147  -0.0036683261  -0.0167209506   0.0008303690   0.0006179768
        0.0007896731  -0.0003334306  -0.0004315952   0.0003181723  -0.0014066537
        0.0021084379  -0.0009044849  -0.0000091612  -0.0001850761   0.0000275146
        0.0000745581   0.0000058010   0.0001955092  -0.0000423459  -0.0001118080
       -0.0000838132   0.0731356554  -0.0058468256  -0.0672410471  -0.0000856751
        0.0003091852   0.0002376785  -0.0006176295  -0.0004243209  -0.0000554311
       -0.0120033190   0.0018560173   0.0052268363  -0.0030037325   0.0002411799
        0.0022052141  -0.0865425082   0.0072156729   0.0854942060  -0.0000266829
        0.0000083487  -0.0000746753  -0.0000883837   0.0001324759  -0.0001560691
        0.0005092566   0.0001432419   0.0005077156   0.0006544548  -0.0016419992
       -0.0069145720  -0.0000017545  -0.0000050082  -0.0000388918  -0.0003749221
        0.0002585220  -0.0010946347   0.0008711654  -0.0003897235   0.0004706011
        0.0000623843   0.0002632472  -0.0001058557  -0.0003665993  -0.0003918216
       -0.0021761119  -0.0000020602  -0.0000636022   0.0000934166
       -0.0003121068   0.0019212482  -0.0009864260   0.0059596020   0.0114541219
        0.0009993741  -0.0008875132  -0.0023450507  -0.0014227167   0.0002779882
        0.0001971199   0.0000345145  -0.1021596120  -0.0980023858  -0.0150358341
        0.0004803151   0.0004500044   0.0003501903  -0.0002466267  -0.0000851725
       -0.0002071260  -0.0000712374   0.0000540706   0.0000388767   0.0001441053
       -0.0001710728   0.0003697605   0.0006165860   0.0004729910   0.0000488498
        0.0006788751   0.0000669314  -0.0007411859  -0.0000270126   0.0000201671
        0.0000016545  -0.0000042431   0.0000049965  -0.0000266829   0.1162266356
        0.1126940608   0.0195692419  -0.0211101481  -0.0271638726  -0.0023602143
        0.0003564340   0.0005379947  -0.0000303852   0.0001052618   0.0001627680
       -0.0001237184   0.0000050458   0.0000699727  -0.0000003367  -0.0000675626
       -0.0000511740   0.0000444788  -0.0000429495  -0.0003134790  -0.0004687058
        0.0000321646   0.0000368246  -0.0000081092   0.0000245815  -0.0000126641
       -0.0000036315   0.0000214170   0.0000015998  -0.0000418685
        0.0031519141  -0.0038370697   0.0031829883  -0.0105656728  -0.0245239832
       -0.0008459807  -0.0048698055  -0.0076250895  -0.0042648370   0.0001507524
        0.0000508824   0.0000242452  -0.0976074049  -0.2075940720  -0.0281832458
        0.0001686343  -0.0000585635   0.0001132851  -0.0000651013   0.0005043318
        0.0001715709  -0.0000453336   0.0005250618   0.0001541772  -0.0003323231
        0.0003061209   0.0000844796  -0.0002226690   0.0002932370  -0.0004827744
        0.0004871061   0.0010989536  -0.0016425566   0.0000314615   0.0000522528
        0.0000314772   0.0000358351  -0.0000359370   0.0000083487   0.1126940608
        0.2429445283   0.0321019136  -0.0021225415   0.0002790713   0.0003794600
       -0.0005747243  -0.0017763514  -0.0000773021   0.0002420526   0.0001812880
        0.0000027162  -0.0000520376  -0.0000170204   0.0000349683  -0.0003052645
        0.0000111840   0.0001590799  -0.0003357288  -0.0007822862  -0.0009520505
        0.0000576023   0.0000284652   0.0000035608   0.0000523685  -0.0000329409
        0.0000282560   0.0000268191   0.0000079367  -0.0000317800
       -0.0014180020   0.0025817446  -0.0007872557   0.0062140381   0.0133266311
        0.0015628944  -0.0156232154  -0.0268634376  -0.0097795171   0.0000776981
        0.0001567601  -0.0001573086  -0.0149080152  -0.0281036015  -0.0456681196
       -0.0001826261  -0.0002171224   0.0006905233  -0.0002286676  -0.0001506964
        0.0005417793  -0.0000561034   0.0000180471   0.0000856079   0.0003013032
        0.0002628849   0.0001284504   0.0002435713  -0.0004140336   0.0002711224
        0.0006610300  -0.0002538255  -0.0046063900  -0.0000076912  -0.0000036316
       -0.0000264832  -0.0000132311   0.0000158491  -0.0000746753   0.0195692419
        0.0321019136   0.0575057341   0.0067596365   0.0087971248   0.0021703838
        0.0002091892   0.0008523461   0.0000714548  -0.0001738534  -0.0001347952
       -0.0000766334  -0.0000494619  -0.0000117792  -0.0000318943  -0.0002699280
       -0.0000471181   0.0000908357  -0.0011896921  -0.0019854421  -0.0019817402
        0.0000308488   0.0000431257   0.0000682948   0.0000222290   0.0000167664
        0.0000160179   0.0000317011   0.0000122898  -0.0000130812
        0.0008568209  -0.0008213838   0.0002687733  -0.0180954809   0.0056054068
        0.0032041504  -0.0013961562   0.0005824838   0.0033413481   0.0002978995
        0.0001370947  -0.0000278699  -0.2394902595   0.0193801108   0.0736428983
        0.0005902770  -0.0000869271   0.0007361558   0.0004515987  -0.0002721854
       -0.0000227764   0.0000454085   0.0000651533   0.0000283175   0.0001958722
       -0.0003769740  -0.0001153774  -0.0018422034   0.0032271560  -0.0019643415
        0.0005215374  -0.0002383102  -0.0009848568  -0.0000222266   0.0000513145
       -0.0000157468  -0.0001028335  -0.0001306928  -0.0000883837  -0.0211101481
       -0.0021225415   0.0067596365   0.2789475682  -0.0248188259  -0.0848799928
        0.0000856783  -0.0002835887  -0.0000531917   0.0005102959   0.0003387013
       -0.0000275351  -0.0005892624  -0.0001593946   0.0001541166   0.0002490914
       -0.0001007447  -0.0000889791  -0.0000441405   0.0000208110   0.0001722801
       -0.0000416132   0.0000191375  -0.0000320856  -0.0000333251  -0.0000042642
       -0.0000213967   0.0000156013  -0.0000115368   0.0000148568
        0.0011763747   0.0007689621  -0.0003397276   0.0231847252  -0.0048542034
       -0.0057512892   0.0056870275  -0.0002993716  -0.0032041907  -0.0004029179
       -0.0002152479  -0.0004768511   0.0190919892  -0.0478278474  -0.0084314411
        0.0003418276   0.0003599501  -0.0014507807  -0.0002998307   0.0001227168
        0.0005026948  -0.0001000589  -0.0002450553  -0.0000961811  -0.0002588509
        0.0005862094  -0.0004261180   0.0033082852  -0.0034893933   0.0022176987
        0.0011003522   0.0004328281  -0.0006820922   0.0000027715  -0.0000338032
        0.0000153239  -0.0001227993   0.0000090535   0.0001324759  -0.0271638726
        0.0002790713   0.0087971248  -0.0248188259   0.0549951032   0.0086071586
       -0.0001930168   0.0001960514   0.0000252054  -0.0002951345  -0.0004883975
        0.0002616680  -0.0001115079  -0.0002344669   0.0000410355  -0.0001226913
       -0.0000185795   0.0000016400   0.0000083345  -0.0000466655   0.0001959509
       -0.0000138966  -0.0000076204   0.0000273095   0.0000141705   0.0000059286
        0.0000103862  -0.0000124550   0.0000047776   0.0000229996
       -0.0001588775  -0.0002200481   0.0003511796  -0.0134999685   0.0030084931
        0.0042791026   0.0279569720  -0.0046811694  -0.0167824366  -0.0006400300
       -0.0005188182  -0.0001761023   0.0736827888  -0.0085190380  -0.0701597890
        0.0006643419  -0.0017375556  -0.0069073600   0.0004632927   0.0001862364
        0.0005027127   0.0000057672  -0.0001374139   0.0001212678  -0.0006415016
       -0.0000031515   0.0004447773  -0.0018372114   0.0026765789  -0.0006817504
        0.0012950846   0.0006648189   0.0003581898  -0.0000239718   0.0000235327
       -0.0000942191  -0.0001119732   0.0001323572  -0.0001560691  -0.0023602143
        0.0003794600   0.0021703838  -0.0848799928   0.0086071586   0.0865913637
       -0.0000486780  -0.0001056555  -0.0000850122   0.0000979709  -0.0000500137
        0.0001497655   0.0001250982   0.0000503160  -0.0002300382  -0.0001900939
       -0.0000777865  -0.0001098419   0.0002066041   0.0003017770   0.0002140222
       -0.0000215829  -0.0000017565   0.0001456335  -0.0000215936   0.0000380224
        0.0000399746  -0.0000622308  -0.0000163445   0.0000142456
       -0.0968167409   0.0817408950  -0.0500272306   0.0059014906  -0.0110258760
        0.0057388393  -0.0000678075  -0.0000189867   0.0000375122   0.0002608842
       -0.0001615384   0.0000937509  -0.0004550813  -0.0022930184  -0.0001869995
        0.0000027327  -0.0000183883  -0.0000186453  -0.0000006381  -0.0000122929
        0.0000189327  -0.0007467377   0.0014999419  -0.0020787577   0.0001769489
        0.0002918884   0.0002746695   0.0005824733  -0.0003914079   0.0002531355
        0.0006459255  -0.0003167766  -0.0006440822  -0.0002378132  -0.0000430999
       -0.0002092863   0.0003996736  -0.0002804494   0.0005092566   0.0003564340
       -0.0005747243   0.0002091892   0.0000856783  -0.0001930168  -0.0000486780
        0.1101254645  -0.0929803525   0.0595665844  -0.0202307527   0.0246589693
       -0.0129382592   0.0000192391  -0.0000482964   0.0000122795  -0.0000639295
        0.0000922870   0.0000203461  -0.0000367711   0.0001212724  -0.0005382567
        0.0000384695  -0.0000084852  -0.0000020462   0.0000326708  -0.0000292562
       -0.0000054346   0.0000281870  -0.0000092880  -0.0000368196
        0.0814540858  -0.1673787754   0.0796867682   0.0112065870  -0.0250896357
        0.0120285707   0.0000323471   0.0003995548  -0.0002887365  -0.0001221144
       -0.0000387083  -0.0000722841  -0.0035930511  -0.0052867897  -0.0012131478
       -0.0000427893  -0.0000483752  -0.0000143861  -0.0000218921   0.0000333425
       -0.0000471164  -0.0014796633   0.0032314256  -0.0012065213   0.0004228077
        0.0001504836  -0.0001120159   0.0003158533   0.0005335120   0.0003589546
       -0.0001918805   0.0009371658  -0.0006887412  -0.0000706716   0.0005142366
       -0.0001768359  -0.0002244965   0.0000779538   0.0001432419   0.0005379947
       -0.0017763514   0.0008523461  -0.0002835887   0.0001960514  -0.0001056555
       -0.0929803525   0.1970015771  -0.0911905276   0.0050696977  -0.0035044915
        0.0020751987   0.0000308730  -0.0000394184  -0.0000370109   0.0001550338
       -0.0000364267  -0.0001064151  -0.0001312573   0.0000927929   0.0000888733
       -0.0000375557  -0.0000408727  -0.0000055647  -0.0000250188   0.0000520959
        0.0000091106  -0.0000209482   0.0000196529   0.0000218948
       -0.0497552411   0.0796661641  -0.0914347138   0.0015583166  -0.0022275745
        0.0021429093  -0.0000695236  -0.0001430896   0.0002182713   0.0001319179
       -0.0002122711  -0.0000653325  -0.0001007989  -0.0006282885   0.0008255041
        0.0000068128  -0.0000296159  -0.0000608985   0.0000148524  -0.0000194834
       -0.0000008212  -0.0155508362   0.0217287910  -0.0206699385   0.0001462443
       -0.0003245496   0.0002786498   0.0001590963   0.0002885895  -0.0000622824
        0.0007681294  -0.0021106276  -0.0045079047  -0.0002450787   0.0001630390
        0.0005627971  -0.0000558586   0.0004826686   0.0005077156  -0.0000303852
       -0.0000773021   0.0000714548  -0.0000531917   0.0000252054  -0.0000850122
        0.0595665844  -0.0911905276   0.1097355027   0.0049786169  -0.0066832315
        0.0051615938  -0.0000687392   0.0000218330  -0.0000240417  -0.0003185747
        0.0001414395   0.0001385426  -0.0011936356   0.0011946502  -0.0028189036
        0.0000336965   0.0000073572   0.0000347816   0.0000367327  -0.0000433918
        0.0000689506   0.0000408632  -0.0000297844  -0.0000168242
       -0.2408253811   0.0162642251   0.0743291079  -0.0189313170  -0.0034597270
        0.0052171257   0.0000431230  -0.0000592496   0.0000529836   0.0003610104
       -0.0001347588   0.0000487981   0.0008575568   0.0008557934  -0.0000555932
       -0.0000991718   0.0000808502  -0.0001391800  -0.0000119708  -0.0000532912
        0.0000062834  -0.0014913388   0.0008117794   0.0033068303   0.0001204600
        0.0002782946  -0.0002046467  -0.0020299854  -0.0038086979  -0.0005907585
        0.0005070741  -0.0001486076  -0.0009748624   0.0004800758   0.0002327875
       -0.0001375692   0.0005769112   0.0003696830   0.0006544548   0.0001052618
        0.0002420526  -0.0001738534   0.0005102959  -0.0002951345   0.0000979709
       -0.0202307527   0.0050696977   0.0049786169   0.2809464011  -0.0166149057
       -0.0865765980  -0.0009608947   0.0003128834   0.0001726209   0.0002399148
        0.0000041865  -0.0001033751  -0.0000563738   0.0000632596   0.0001400243
       -0.0000477009   0.0000028912  -0.0000348621  -0.0000640069  -0.0000172032
       -0.0000251031   0.0000008090   0.0000031913   0.0000115846
        0.0165512121  -0.0457602507  -0.0041740777  -0.0262383048  -0.0016575838
        0.0082706799   0.0000899904  -0.0001069703   0.0001876337   0.0001144939
        0.0001770807   0.0003391150  -0.0011510254   0.0009167569   0.0001120960
        0.0000691659  -0.0001135547  -0.0001454983  -0.0000098067  -0.0000552968
       -0.0000314124   0.0057518329  -0.0001403725  -0.0039409076  -0.0000352443
        0.0007022767   0.0003317413  -0.0038443038  -0.0046141758  -0.0004821435
       -0.0005308348   0.0004470003   0.0006845365   0.0004292658  -0.0000639785
       -0.0002225802  -0.0000641613   0.0003940443  -0.0016419992   0.0001627680
        0.0001812880  -0.0001347952   0.0003387013  -0.0004883975  -0.0000500137
        0.0246589693  -0.0035044915  -0.0066832315  -0.0166149057   0.0541555665
        0.0076751569   0.0002415585  -0.0002636732  -0.0000461475   0.0000154451
        0.0000028593  -0.0000476562   0.0000833797  -0.0002042728  -0.0000287712
       -0.0000199255  -0.0000174105   0.0000127152   0.0000210092   0.0000073302
        0.0000288602  -0.0000192800   0.0000062257  -0.0000133004
        0.0742558956  -0.0040518791  -0.0716948550  -0.0035674452  -0.0000670115
        0.0019215879  -0.0000351164   0.0002361791  -0.0000201153  -0.0006922449
        0.0003927945  -0.0005510859   0.0003210643  -0.0000128636   0.0002139965
       -0.0001609700  -0.0001429220  -0.0000421941  -0.0000250810  -0.0000381782
       -0.0000686665   0.0280330038  -0.0031552276  -0.0168738280  -0.0006618759
       -0.0000864436   0.0003085322  -0.0004428766  -0.0009433309   0.0006315141
        0.0016161956  -0.0007360317   0.0003711834   0.0002784748   0.0000616622
        0.0006994449   0.0007534407  -0.0013625267  -0.0069145720  -0.0001237184
        0.0000027162  -0.0000766334  -0.0000275351   0.0002616680   0.0001497655
       -0.0129382592   0.0020751987   0.0051615938  -0.0865765980   0.0076751569
        0.0866377003   0.0001552360  -0.0000665151  -0.0002349405  -0.0002508914
        0.0000432007  -0.0001425620   0.0001813196  -0.0001744170   0.0003541550
       -0.0000217872  -0.0000522333   0.0000693898   0.0000096201   0.0001005268
        0.0000926343  -0.0000798513   0.0000404771   0.0000079548
        0.0000450213  -0.0000393917   0.0001316470   0.0000315780   0.0000202362
        0.0000833942   0.0000163146   0.0000842578   0.0000262577  -0.0000861630
       -0.0000265277  -0.0001364386   0.0000362242   0.0000734877   0.0001066224
       -0.0000669217   0.0000314386  -0.0000072044   0.0000364898  -0.0000150032
       -0.0000366683   0.0000185640  -0.0000661268   0.0000643621   0.0001098288
       -0.0000018246  -0.0000223399  -0.0000876315   0.0000168987   0.0000601137
        0.0000925720  -0.0000176149  -0.0000663831   0.0000470594  -0.0000024300
       -0.0000402473  -0.0000602422  -0.0000237844  -0.0000017545   0.0000050458
       -0.0000520376  -0.0000494619  -0.0005892624  -0.0001115079   0.0001250982
        0.0000192391   0.0000308730  -0.0000687392  -0.0009608947   0.0002415585
        0.0001552360   0.0014006100  -0.0001530414  -0.0003637439  -0.0000518192
        0.0000115145   0.0000502951   0.0000185991   0.0000008889   0.0000293562
       -0.0000075426   0.0000047884  -0.0000215378  -0.0000021196  -0.0000008058
       -0.0000228904   0.0000354507  -0.0000058462   0.0000050267
        0.0000205468   0.0001300388  -0.0000111189   0.0000041415   0.0001403907
       -0.0000303423   0.0000293856   0.0000818474   0.0000168463   0.0000002907
       -0.0001620558   0.0000352629  -0.0000183110   0.0001299273  -0.0000073527
       -0.0000251617  -0.0000145527   0.0000048949   0.0000144248  -0.0000238341
       -0.0000363978  -0.0000031941   0.0000771615  -0.0000027091   0.0000023044
       -0.0000652687   0.0000100815  -0.0000167508  -0.0000129083  -0.0000068597
       -0.0000039610   0.0000273854   0.0000115125  -0.0000598906  -0.0000071559
        0.0000344595   0.0000369411  -0.0000108926  -0.0000050082   0.0000699727
       -0.0000170204  -0.0000117792  -0.0001593946  -0.0002344669   0.0000503160
       -0.0000482964  -0.0000394184   0.0000218330   0.0003128834  -0.0002636732
       -0.0000665151  -0.0001530414   0.0002010501   0.0000084462   0.0000061794
       -0.0000522559   0.0000156299   0.0000136657   0.0000940668  -0.0000402897
       -0.0000113539   0.0000432241   0.0000138289   0.0000012160  -0.0000075331
       -0.0000060535  -0.0000125965  -0.0000140559   0.0000013146
        0.0000121639   0.0000233622   0.0001034187   0.0000150198  -0.0000203442
        0.0000178309   0.0000345594   0.0000106747   0.0000721626  -0.0000551629
        0.0000324514   0.0000078839   0.0000239102  -0.0000399090   0.0001107289
        0.0000501421  -0.0000242990  -0.0000248366  -0.0000615792  -0.0000136271
        0.0000088613   0.0000347310  -0.0000026704   0.0000931658   0.0000098014
        0.0000084510  -0.0000244321   0.0000017965  -0.0000097543  -0.0000318356
       -0.0000805838   0.0000079997   0.0000830331  -0.0000563926   0.0000236357
       -0.0000103285   0.0000394413   0.0000151584  -0.0000388918  -0.0000003367
        0.0000349683  -0.0000318943   0.0001541166   0.0000410355  -0.0002300382
        0.0000122795  -0.0000370109  -0.0000240417   0.0001726209  -0.0000461475
       -0.0002349405  -0.0003637439   0.0000084462   0.0001513295   0.0000426472
        0.0000079124   0.0000082080   0.0000058611  -0.0000158945  -0.0000239018
        0.0000187908   0.0000245316   0.0000059045   0.0000089482  -0.0000291597
        0.0000137983  -0.0000190308   0.0000001894  -0.0000011845
       -0.0003753099   0.0003916855   0.0003144311  -0.0000295118   0.0000421291
        0.0001429764   0.0006059314   0.0001225445  -0.0011776118   0.0017447137
       -0.0000750829  -0.0004955592  -0.0004326803  -0.0003378939   0.0004100361
       -0.0000311268   0.0001133565  -0.0006114035   0.0003202732  -0.0002836898
        0.0000966561   0.0004493516  -0.0002783921  -0.0008196236  -0.0000014329
       -0.0000547672  -0.0001998839   0.0000068200  -0.0000000541   0.0000109477
        0.0092323186   0.0011477192   0.0135210161   0.0003678013   0.0001770628
       -0.0000415611   0.0001595777  -0.0003938664  -0.0003749221  -0.0000675626
       -0.0003052645  -0.0002699280   0.0002490914  -0.0001226913  -0.0001900939
       -0.0000639295   0.0001550338  -0.0003185747   0.0002399148   0.0000154451
       -0.0002508914  -0.0000518192   0.0000061794   0.0000426472   0.4476256316
        0.0154977492   0.0605739047  -0.1764047387   0.0238908392   0.0589807840
       -0.1247236921  -0.1059803179  -0.0095021006  -0.0773547895   0.0751874284
       -0.0302173618  -0.0814648321  -0.0089151527  -0.0896238838
        0.0002420771  -0.0004180256   0.0000516905  -0.0000197747  -0.0000794604
        0.0000561959   0.0008117004   0.0007939362  -0.0003682991  -0.0003036703
        0.0010633519  -0.0010109421   0.0000865499  -0.0003663590  -0.0000315405
       -0.0000154463  -0.0000659635  -0.0009574188   0.0001464930  -0.0003618653
       -0.0002266613  -0.0012082221   0.0009871259   0.0002993485   0.0000006085
        0.0000116586   0.0000468110   0.0000111388   0.0000649804  -0.0000330358
        0.0044734129  -0.0069834794  -0.0056500583  -0.0003477207  -0.0002458604
        0.0003363657   0.0003301083   0.0006275112   0.0002585220  -0.0000511740
        0.0000111840  -0.0000471181  -0.0001007447  -0.0000185795  -0.0000777865
        0.0000922870  -0.0000364267   0.0001414395   0.0000041865   0.0000028593
        0.0000432007   0.0000115145  -0.0000522559   0.0000079124   0.0154977492
        0.4800785605  -0.0064416792   0.0202158814  -0.0512676272  -0.0175696358
       -0.1066277567  -0.1761222712  -0.0054615082   0.0767928526  -0.2024692837
        0.0547493842  -0.0100420508  -0.0451537104  -0.0181151866
        0.0004963423  -0.0001083182  -0.0000495556  -0.0000520338   0.0000335496
        0.0001051648  -0.0004605405   0.0002051886   0.0009773646  -0.0003539445
       -0.0017500405  -0.0068172750   0.0004627220   0.0001010849  -0.0000986921
        0.0006525328  -0.0004225482  -0.0007528368  -0.0000569545  -0.0000489887
       -0.0002289137   0.0000045441  -0.0003397944   0.0008170464   0.0000055003
        0.0000163979   0.0000989539   0.0000733985  -0.0000172880  -0.0000192764
        0.0269164374  -0.0068577852  -0.0315571883  -0.0000820071   0.0000484838
       -0.0002684764   0.0005379565  -0.0000785517  -0.0010946347   0.0000444788
        0.0001590799   0.0000908357  -0.0000889791   0.0000016400  -0.0001098419
        0.0000203461  -0.0001064151   0.0001385426  -0.0001033751  -0.0000476562
       -0.0001425620   0.0000502951   0.0000156299   0.0000082080   0.0605739047
       -0.0064416792   0.4751973212   0.0443751136  -0.0160961745  -0.1014714563
       -0.0080733918  -0.0057054220  -0.0416714756  -0.0297277296   0.0549011964
       -0.0597686289  -0.0952146163  -0.0174615890  -0.2333826233
       -0.0017466713   0.0030556934  -0.0016142266   0.0001699092  -0.0000003790
        0.0001002148  -0.0015980509  -0.0075496545  -0.0211254065   0.0012772151
        0.0062572533   0.0302985108  -0.0019337974  -0.0034327919  -0.0003001709
        0.0002240480   0.0008995460   0.0006145910   0.0003784003   0.0008743373
        0.0004069346  -0.0013117203  -0.0014352986  -0.0217566829  -0.0000085467
        0.0000306359   0.0000574407  -0.0000744202   0.0000040044  -0.0000192798
       -0.0917366142  -0.0026524465  -0.0311043510   0.0003325908  -0.0004023923
        0.0006913378   0.0000684461  -0.0004595711   0.0008711654  -0.0000429495
       -0.0003357288  -0.0011896921  -0.0000441405   0.0000083345   0.0002066041
       -0.0000367711  -0.0001312573  -0.0011936356  -0.0000563738   0.0000833797
        0.0001813196   0.0000185991   0.0000136657   0.0000058611  -0.1764047387
        0.0202158814   0.0443751136   0.3319839646  -0.0292018663  -0.0397023879
       -0.0368689082  -0.0017460111   0.0235948652  -0.0296068459   0.0168351338
        0.0165536446   0.0070173755  -0.0009304679   0.0000482298
        0.0023406179  -0.0026309796   0.0024021687   0.0001282023   0.0001293694
        0.0000547105  -0.0076082449  -0.0081748391  -0.0318646447   0.0013709264
       -0.0005279149  -0.0072916590  -0.0037692880  -0.0051231195  -0.0007052816
        0.0005597248   0.0006958641   0.0003253584   0.0008038480   0.0021909036
        0.0001439275   0.0040418570   0.0053565014   0.0208959431  -0.0000060517
        0.0000993503  -0.0000716046  -0.0000084448  -0.0000451898   0.0000302913
       -0.0065172143  -0.0486665803  -0.0247331019  -0.0004082618   0.0019592031
       -0.0006568196  -0.0004039048   0.0003198469  -0.0003897235  -0.0003134790
       -0.0007822862  -0.0019854421   0.0000208110  -0.0000466655   0.0003017770
        0.0001212724   0.0000927929   0.0011946502   0.0000632596  -0.0002042728
       -0.0001744170   0.0000008889   0.0000940668  -0.0000158945   0.0238908392
       -0.0512676272  -0.0160961745  -0.0292018663   0.1039010929   0.0704635182
       -0.0163328192   0.0086207252   0.0123717942   0.0273594817  -0.0055878899
       -0.0184650235   0.0038678456  -0.0004023515  -0.0057343530
       -0.0038956432   0.0056827180  -0.0011833195   0.0007181395   0.0000733438
        0.0004243418  -0.0093460749  -0.0131959289  -0.0226134852   0.0055855644
       -0.0060524276  -0.0281132262  -0.0028503016  -0.0039649737   0.0014855947
       -0.0002392227   0.0001971901   0.0001503114   0.0008148045   0.0000278562
        0.0009554071  -0.0104442757   0.0015613187  -0.0359517119  -0.0000425738
       -0.0000622669  -0.0001931370  -0.0000984881   0.0000279083   0.0000722563
       -0.0464525831  -0.0235500532  -0.1680435719   0.0010781812  -0.0004835152
        0.0011887866   0.0000436858  -0.0004657133   0.0004706011  -0.0004687058
       -0.0009520505  -0.0019817402   0.0001722801   0.0001959509   0.0002140222
       -0.0005382567   0.0000888733  -0.0028189036   0.0001400243  -0.0000287712
        0.0003541550   0.0000293562  -0.0000402897  -0.0000239018   0.0589807840
       -0.0175696358  -0.1014714563  -0.0397023879   0.0704635182   0.3881348851
        0.0136051488   0.0046959976  -0.0041014254   0.0060552662  -0.0083878920
        0.0031797895   0.0268552785  -0.0082611570  -0.0301342720
        0.0000724966   0.0000017809  -0.0000977489   0.0000187966   0.0000256341
       -0.0000802483   0.0007361520   0.0001236331  -0.0001033803   0.0001588065
       -0.0000245188  -0.0003519355   0.0000221990   0.0001323405  -0.0001733651
        0.0008887197  -0.0000346834  -0.0000502266  -0.0003025571   0.0002688726
        0.0001368059   0.0000102529   0.0000641235   0.0001549569  -0.0000158846
        0.0000203470   0.0000279186   0.0000229621   0.0000117024  -0.0000107032
        0.0011627351  -0.0001282338  -0.0011823911  -0.0001037631   0.0000798979
       -0.0000771259   0.0001622810   0.0000039122   0.0000623843   0.0000321646
        0.0000576023   0.0000308488  -0.0000416132  -0.0000138966  -0.0000215829
        0.0000384695  -0.0000375557   0.0000336965  -0.0000477009  -0.0000199255
       -0.0000217872  -0.0000075426  -0.0000113539   0.0000187908  -0.1247236921
       -0.1066277567  -0.0080733918  -0.0368689082  -0.0163328192   0.0136051488
        0.1610596777   0.1274304401   0.0006957766   0.0076656606   0.0081026594
       -0.0003592612  -0.0099397121  -0.0130922026  -0.0041631792
        0.0000650069   0.0000583685  -0.0000875426  -0.0000595443   0.0000400553
        0.0000544761   0.0001140838  -0.0003046421  -0.0003213404   0.0000686686
       -0.0001330877  -0.0001339239   0.0001079989   0.0002104451  -0.0000684416
        0.0001165873   0.0001525467  -0.0009924275   0.0002618455  -0.0001251670
       -0.0000472157  -0.0002537182  -0.0000578289   0.0001512285   0.0000395872
       -0.0000174894   0.0000255070   0.0000805174  -0.0000125327   0.0000322069
       -0.0004162702   0.0004296871  -0.0009937278   0.0001836926   0.0000558849
       -0.0001668164   0.0000925355  -0.0003479806   0.0002632472   0.0000368246
        0.0000284652   0.0000431257   0.0000191375  -0.0000076204  -0.0000017565
       -0.0000084852  -0.0000408727   0.0000073572   0.0000028912  -0.0000174105
       -0.0000522333   0.0000047884   0.0000432241   0.0000245316  -0.1059803179
       -0.1761222712  -0.0057054220  -0.0017460111   0.0086207252   0.0046959976
        0.1274304401   0.1998584117   0.0060201343  -0.0165913748  -0.0284044923
       -0.0012559275  -0.0035688837  -0.0039064183  -0.0014910368
       -0.0000262728   0.0000145404  -0.0001117618  -0.0000054509  -0.0000107327
       -0.0000508322   0.0004591939  -0.0007330134  -0.0003850636  -0.0002451456
       -0.0001217241   0.0001235332  -0.0001470405   0.0001942356   0.0000528851
       -0.0007681369  -0.0011605680  -0.0018115726   0.0000849794  -0.0000483035
        0.0000379822   0.0001060151  -0.0000734539  -0.0003493938  -0.0000103598
        0.0000012663   0.0000660930  -0.0000664309   0.0000199732  -0.0000441116
        0.0004568522   0.0015521216   0.0010320409  -0.0000607299  -0.0001120216
        0.0001031001  -0.0001019402   0.0002656237  -0.0001058557  -0.0000081092
        0.0000035608   0.0000682948  -0.0000320856   0.0000273095   0.0001456335
       -0.0000020462  -0.0000055647   0.0000347816  -0.0000348621   0.0000127152
        0.0000693898  -0.0000215378   0.0000138289   0.0000059045  -0.0095021006
       -0.0054615082  -0.0416714756   0.0235948652   0.0123717942  -0.0041014254
        0.0006957766   0.0060201343   0.0492350731   0.0048722105   0.0102349262
        0.0010464120  -0.0192376439  -0.0230051396  -0.0033896314
       -0.0000288964  -0.0001606665  -0.0001167127   0.0000129203  -0.0000621920
       -0.0000676271  -0.0000277529  -0.0000327603   0.0001486281   0.0000997301
       -0.0000907036  -0.0003152223   0.0001004095  -0.0000243902  -0.0000681149
        0.0001236431  -0.0000465710   0.0000780565  -0.0001409514  -0.0000559940
       -0.0000213110   0.0008799504  -0.0002136216  -0.0000589671  -0.0000149085
        0.0000027163   0.0000327108   0.0000100090  -0.0000122597  -0.0000121457
        0.0007644040  -0.0001686903  -0.0010189716  -0.0003182150  -0.0002131865
        0.0003665792   0.0005319782  -0.0000475481  -0.0003665993   0.0000245815
        0.0000523685   0.0000222290  -0.0000333251   0.0000141705  -0.0000215936
        0.0000326708  -0.0000250188   0.0000367327  -0.0000640069   0.0000210092
        0.0000096201  -0.0000021196   0.0000012160   0.0000089482  -0.0773547895
        0.0767928526  -0.0297277296  -0.0296068459   0.0273594817   0.0060552662
        0.0076656606  -0.0165913748   0.0048722105   0.1036681524  -0.0993919354
        0.0280585056  -0.0063222985   0.0128930979  -0.0078944920
       -0.0002411741   0.0001737547   0.0001123758   0.0000519924   0.0000186145
       -0.0000633752   0.0000698810  -0.0001703626  -0.0003948328  -0.0001677799
        0.0000328991   0.0002599904  -0.0000185016   0.0000616354   0.0000030973
       -0.0000049278  -0.0003207237   0.0000580500  -0.0001957054   0.0002288858
        0.0001251945   0.0001467052   0.0002050368   0.0001376291  -0.0000290939
        0.0000044842  -0.0000126504  -0.0000846611  -0.0000327042  -0.0000216176
        0.0003750095   0.0001158138   0.0016010671  -0.0000936791   0.0000584515
        0.0000661857  -0.0005965663   0.0004421926  -0.0003918216  -0.0000126641
       -0.0000329409   0.0000167664  -0.0000042642   0.0000059286   0.0000380224
       -0.0000292562   0.0000520959  -0.0000433918  -0.0000172032   0.0000073302
        0.0001005268  -0.0000008058  -0.0000075331  -0.0000291597   0.0751874284
       -0.2024692837   0.0549011964   0.0168351338  -0.0055878899  -0.0083878920
        0.0081026594  -0.0284044923   0.0102349262  -0.0993919354   0.2352824402
       -0.0596895566   0.0001194084   0.0003363672   0.0013792695
        0.0000434583  -0.0001950615   0.0000857823  -0.0000259385   0.0000003074
        0.0000050059  -0.0000026555  -0.0000416082  -0.0003323884  -0.0001813127
        0.0002005397   0.0000159195  -0.0000031629  -0.0000704489  -0.0000931582
       -0.0000500271  -0.0000011828   0.0000736850   0.0000343707   0.0000873675
        0.0000044967   0.0000486502   0.0004282018  -0.0008214965   0.0000094871
        0.0000335890   0.0000591186  -0.0000202749  -0.0000188795  -0.0000103342
        0.0001704854  -0.0012142768   0.0011969465   0.0003796308   0.0001995906
       -0.0002695529  -0.0007344507  -0.0002336353  -0.0021761119  -0.0000036315
        0.0000282560   0.0000160179  -0.0000213967   0.0000103862   0.0000399746
       -0.0000054346   0.0000091106   0.0000689506  -0.0000251031   0.0000288602
        0.0000926343  -0.0000228904  -0.0000060535   0.0000137983  -0.0302173618
        0.0547493842  -0.0597686289   0.0165536446  -0.0184650235   0.0031797895
       -0.0003592612  -0.0012559275   0.0010464120   0.0280585056  -0.0596895566
        0.0690994785  -0.0136253311   0.0254160610  -0.0115263388
        0.0001691146  -0.0000930736  -0.0000238965  -0.0000263160   0.0000039103
        0.0000178614  -0.0001732063  -0.0000740730  -0.0000278050  -0.0000828455
        0.0002516714   0.0011686393   0.0001566106   0.0000809048  -0.0000722425
        0.0001998613   0.0000659183   0.0000532028  -0.0000011885  -0.0000151914
       -0.0000293157  -0.0002584537   0.0001010726  -0.0000708015   0.0000089890
       -0.0000084083  -0.0000176830   0.0000467579   0.0000081657   0.0000285877
       -0.0033797574   0.0006394399   0.0031893041  -0.0000420752  -0.0000383056
       -0.0000097214   0.0002465343  -0.0000256291  -0.0000020602   0.0000214170
        0.0000268191   0.0000317011   0.0000156013  -0.0000124550  -0.0000622308
        0.0000281870  -0.0000209482   0.0000408632   0.0000008090  -0.0000192800
       -0.0000798513   0.0000354507  -0.0000125965  -0.0000190308  -0.0814648321
       -0.0100420508  -0.0952146163   0.0070173755   0.0038678456   0.0268552785
       -0.0099397121  -0.0035688837  -0.0192376439  -0.0063222985   0.0001194084
       -0.0136253311   0.0937439771   0.0087657391   0.0971067917
       -0.0001253329   0.0000692293   0.0000717560   0.0000073817   0.0000121877
        0.0000159236   0.0000828039   0.0000444966  -0.0002105213   0.0000149040
       -0.0000383582  -0.0003183063   0.0000584210   0.0000115970  -0.0000527735
        0.0001141466   0.0000211241   0.0001887249  -0.0000301116   0.0000159076
       -0.0000252291   0.0000621119   0.0000721446   0.0002669133   0.0000053134
       -0.0000002149  -0.0000020828  -0.0000000294  -0.0000225073   0.0000148800
        0.0011771205   0.0002570945  -0.0008723380   0.0001083191   0.0000202893
       -0.0000590169  -0.0001741822  -0.0001601509  -0.0000636022   0.0000015998
        0.0000079367   0.0000122898  -0.0000115368   0.0000047776  -0.0000163445
       -0.0000092880   0.0000196529  -0.0000297844   0.0000031913   0.0000062257
        0.0000404771  -0.0000058462  -0.0000140559   0.0000001894  -0.0089151527
       -0.0451537104  -0.0174615890  -0.0009304679  -0.0004023515  -0.0082611570
       -0.0130922026  -0.0039064183  -0.0230051396   0.0128930979   0.0003363672
        0.0254160610   0.0087657391   0.0487987368   0.0243506697
       -0.0000405305  -0.0000102503   0.0000994252   0.0000530833  -0.0000010808
        0.0000267282   0.0001548888   0.0002582455   0.0000741032   0.0000357356
       -0.0002265717  -0.0009940019  -0.0000702688   0.0000413502   0.0001315901
        0.0000855404   0.0001161146   0.0000116651   0.0000389887  -0.0000008276
       -0.0000501366   0.0001609670  -0.0003009757   0.0000468206   0.0000105630
       -0.0000082829  -0.0000467386   0.0000147412   0.0000147755   0.0000356608
        0.0039551720  -0.0001775400  -0.0018847449  -0.0000103658  -0.0000497869
        0.0000002360   0.0001852386  -0.0000456613   0.0000934166  -0.0000418685
       -0.0000317800  -0.0000130812   0.0000148568   0.0000229996   0.0000142456
       -0.0000368196   0.0000218948  -0.0000168242   0.0000115846  -0.0000133004
        0.0000079548   0.0000050267   0.0000013146  -0.0000011845  -0.0896238838
       -0.0181151866  -0.2333826233   0.0000482298  -0.0057343530  -0.0301342720
       -0.0041631792  -0.0014910368  -0.0033896314  -0.0078944920   0.0013792695
       -0.0115263388   0.0971067917   0.0243506697   0.2808977312
