           1           2   1.0091498901814699     
           2           5   1.0091231445838311     
           3           5   1.0068060535331926     
           3           6  0.97318731332984776     
           3           7  0.97745567569591574     
           1           8   1.0067300004017132     
           2           9  0.97754578131493797     
           2          10  0.97667912002590629     
           3          11  0.98760703041098308     
           4          11  0.96055595853675457     
           8          11  0.98850588121480432     
           8          12  0.97730945801834934     
           8          13  0.97379404943563608     
           5          14  0.97670261462559671     
           5          15  0.97826243131961110     
           1          16  0.97669963101322099     
           1          17  0.97825165964467464     
          11          20  0.96465586345313747     
          19          20  0.98602237047329744     
          19          21  0.97675285430298153     
          19          22  0.97736441996263679     
          19          23  0.97927617796938471     
