$coord
          4.463136747222         -2.368048626844         -0.381345208031     c 
          5.742165443201          0.000276089339          0.654614590393     c 
          1.649540380099          2.371800445091          0.278856252062     c 
          0.479429488145         -0.000468451913         -2.835037984436     h 
          4.462669696351          2.368409629318         -0.381212722179     c 
          0.736574634367          4.051730747274         -0.500270528443     h 
          1.417309083727          2.414011123607          2.330854931295     h 
          1.650132318233         -2.372130132538          0.279100564714     c 
          5.622361845632          0.000285941425          2.715644501240     h 
          7.738801617628          0.000610400757          0.136670788537     h 
          0.427420908638         -0.000377293045         -0.771092354195     c 
          1.418176342460         -2.414067030394          2.331125897965     h 
          0.737568853582         -4.052460470051         -0.499692819567     h 
          4.685819407659          2.432247762309         -2.433076541498     h 
          5.347603124329          4.057169829444          0.405206199337     h 
          4.685882385800         -2.431578426291         -2.433253716345     h 
          5.348610078596         -4.056744959713          0.404743901316     h 
         -3.247186521205          0.000001215850          0.053020408700     br
$end
