$hessian                                                                        
        0.4564171446  -0.0286002683   0.0054267723  -0.0891721526  -0.0463595057
       -0.0212775139   0.0006562048  -0.0010125421   0.0002013899   0.0009001057
       -0.0005895317   0.0002613404   0.0050341788   0.0077421933   0.0042891877
        0.0001120911  -0.0001793380  -0.0000430781  -0.0000262384   0.0001464722
        0.0001205923  -0.1806865088  -0.0035351680   0.0325547578   0.0005198174
       -0.0002636924  -0.0007785612  -0.0167467145  -0.0249958526  -0.0103379536
       -0.0249302886   0.0115245095  -0.0007376755  -0.0081694373   0.0004719909
        0.0051527633  -0.0181994091  -0.0025360239   0.0033003363   0.0002972611
        0.0000937402   0.0002229414  -0.0001631046   0.0031519079  -0.0007027022
       -0.0445385477   0.0019119935   0.0224300206  -0.0830372972   0.0816872140
       -0.0393200255   0.0017328952   0.0013419012  -0.0007625920
       -0.0286002683   0.5011717452  -0.0205134954  -0.0474222311  -0.1516715105
       -0.0406008284  -0.0018248226   0.0022290392  -0.0005041016   0.0001847448
        0.0003600763  -0.0004547903  -0.0077356683  -0.0321551231  -0.0063280588
       -0.0002669768   0.0002961901   0.0000085539   0.0002658076  -0.0001844652
       -0.0001729068   0.0027664759  -0.0636077409  -0.0004204577  -0.0016601658
       -0.0034618837  -0.0043265334  -0.0034115126  -0.0029465907  -0.0012876171
        0.0206784626  -0.0026098459  -0.0031357630  -0.0001720878   0.0006589146
       -0.0002127135  -0.0237571296  -0.0010778151   0.0045558709  -0.0003736982
        0.0008742745  -0.0007985405   0.0022841005  -0.0049103574   0.0016766401
        0.0019291198  -0.0443544888  -0.0031882504   0.0817108358  -0.1961417815
        0.0753353265   0.0054050141  -0.0024686372   0.0003676654
        0.0054267723  -0.0205134954   0.5258084679  -0.0213226713  -0.0403289564
       -0.0873753833  -0.0000558427  -0.0005363539   0.0000890643  -0.0009778683
        0.0003373649   0.0004515857   0.0042880634   0.0063309510   0.0038888891
       -0.0000427625   0.0001080100  -0.0000663899  -0.0000194614   0.0000002935
       -0.0000320836   0.0302393279   0.0004435849  -0.0750788589  -0.0136879003
       -0.0265330554  -0.0159007521   0.0031652894   0.0051698750   0.0026971085
       -0.0059565994  -0.0004192391   0.0024215036   0.0301095022  -0.0005045765
       -0.0104646158  -0.0103833151  -0.0007070936   0.0027445547   0.0002096919
        0.0012388585   0.0008149735  -0.0008767414   0.0026095071   0.0000309870
        0.0223943139  -0.0032797944  -0.2690872996  -0.0390076847   0.0750869914
       -0.0813665379  -0.0035021139   0.0014971282   0.0004247867
       -0.0891721526  -0.0474222311  -0.0213226713   0.5232726937   0.0000095629
       -0.0213055940  -0.0216458587   0.0237944592  -0.0090290874  -0.0002462975
       -0.0000000360  -0.0001627835  -0.0891882644   0.0474284417  -0.0213307751
       -0.0062858080   0.0007381473   0.0008482621   0.0008303103   0.0002244071
       -0.0007674768  -0.0216427458  -0.0237983390  -0.0090286542  -0.0467241385
       -0.0000001896   0.0165402318  -0.2575270809  -0.0000168619   0.0607459749
        0.0023288205  -0.0000000554  -0.0001661566   0.0008299195  -0.0002242660
       -0.0007672989  -0.0062863933  -0.0007395610   0.0008480494   0.0007267582
       -0.0003390631  -0.0011545693   0.0050207636  -0.0087462267   0.0035517095
        0.0007277453   0.0003416762  -0.0011530143   0.0050208232   0.0087503342
        0.0035519027  -0.0000390944  -0.0000001987   0.0001019511
       -0.0463595057  -0.1516715105  -0.0403289564   0.0000095629   0.4468373887
        0.0000010252   0.0083049145  -0.0032127889   0.0002940877   0.0000000869
        0.0001352004   0.0000000516   0.0463657789  -0.1516432982   0.0403244455
        0.0000324978   0.0011202557  -0.0000846452  -0.0005077279   0.0003335373
        0.0000533776  -0.0083081238  -0.0032183234  -0.0002959827  -0.0000003281
       -0.0414970050  -0.0000017183  -0.0000173170  -0.0402981718   0.0000051293
        0.0000000331  -0.0002346334  -0.0000001165   0.0005077372   0.0003335608
       -0.0000533265  -0.0000333866   0.0011201754   0.0000849075   0.0023447102
       -0.0035555925   0.0041678293   0.0105352749  -0.0255034975   0.0088985577
       -0.0023446741  -0.0035577550  -0.0041684262  -0.0105296909  -0.0255042394
       -0.0088963086   0.0000001578   0.0000166972   0.0000000691
       -0.0212775139  -0.0406008284  -0.0873753833  -0.0213055940   0.0000010252
        0.5238697889   0.0007596991  -0.0038474774   0.0024760736  -0.0000248984
        0.0000000337  -0.0001143745  -0.0212854722   0.0405962167  -0.0873777803
        0.0018454149  -0.0003208834   0.0004784576   0.0008769307  -0.0008050581
        0.0007677872   0.0007580648   0.0038461743   0.0024751141   0.0168960767
       -0.0000010415  -0.2706442422   0.0601644980   0.0000048350  -0.0619547088
       -0.0008894133  -0.0000000911   0.0002585731   0.0008766086   0.0008050060
        0.0007676033   0.0018448084   0.0003210446   0.0004787066  -0.0140038010
        0.0261053703  -0.0159487304   0.0041146334  -0.0088023035   0.0039335240
       -0.0139985437  -0.0261080361  -0.0159458943   0.0041145131   0.0088060041
        0.0039337473   0.0005339888   0.0000000098  -0.0000782621
        0.0006562048  -0.0018248226  -0.0000558427  -0.0216458587   0.0083049145
        0.0007596991   0.4513945367  -0.0366799537   0.0020067525   0.0002120040
       -0.0011441809  -0.0014606544  -0.1806791993  -0.0027799201   0.0302446763
       -0.0844991717   0.0815242793  -0.0394053940  -0.0440464541   0.0015675619
        0.0226305221   0.0038620560   0.0075756806   0.0037921805   0.0007265688
       -0.0006463399   0.0004317015  -0.0011273416   0.0028921853  -0.0010572074
       -0.0702372693  -0.0418158758  -0.0226632939   0.0001238441   0.0000714909
        0.0002938962  -0.0000866197   0.0027369633  -0.0008570361  -0.0082636182
        0.0002999281   0.0051708484  -0.0189817407  -0.0028245853   0.0034976513
        0.0000392712   0.0001716377   0.0000738009   0.0000568905  -0.0001544581
       -0.0000650579  -0.0275041026  -0.0172745053  -0.0033372425
       -0.0010125421   0.0022290392  -0.0005363539   0.0237944592  -0.0032127889
       -0.0038474774  -0.0366799537   0.4975056529  -0.0202903344  -0.0020004741
       -0.0028719421  -0.0034129639   0.0035176694  -0.0636111054  -0.0004390376
        0.0830190163  -0.1935058751   0.0732076054   0.0018875507  -0.0450862549
       -0.0017984261  -0.0075709502  -0.0285753331  -0.0064796334   0.0001144055
        0.0005535764  -0.0007183390   0.0034010555  -0.0037629983   0.0014382732
       -0.0394867682  -0.1548482546  -0.0428093317  -0.0003854421   0.0008768185
       -0.0009831971   0.0021227870  -0.0044954628   0.0014609931  -0.0006140070
        0.0004780172  -0.0000284937  -0.0244323370  -0.0015814085   0.0048598144
        0.0001541871  -0.0001649028  -0.0001092458  -0.0001931985   0.0004449871
        0.0000043941  -0.0056354580  -0.0003717648   0.0004817538
        0.0002013899  -0.0005041016   0.0000890643  -0.0090290874   0.0002940877
        0.0024760736   0.0020067525  -0.0202903344   0.5265890384  -0.0120897984
       -0.0253818038  -0.0150029386   0.0325571386   0.0004245953  -0.0750838717
       -0.0394231553   0.0724847592  -0.0811653791   0.0236559968  -0.0008644117
       -0.2694931639   0.0037925750   0.0064795232   0.0044188994  -0.0011461360
        0.0002630343   0.0007327005  -0.0016884724   0.0021003705  -0.0000746325
       -0.0224599762  -0.0417960215  -0.0885937554   0.0002173204   0.0012088680
        0.0008106595  -0.0010429558   0.0027224750   0.0000331174   0.0305797640
       -0.0000193627  -0.0107976408  -0.0105333446  -0.0009063074   0.0027192976
       -0.0000490100   0.0000747237   0.0000326854  -0.0001048812   0.0000505643
       -0.0000414431   0.0045558801   0.0036593418   0.0023512890
        0.0009001057   0.0001847448  -0.0009778683  -0.0002462975   0.0000000869
       -0.0000248984   0.0002120040  -0.0020004741  -0.0120897984   0.0512394653
       -0.0000025787  -0.0039979664   0.0008997712  -0.0001850669  -0.0009787230
        0.0001096243   0.0005487887   0.0002605678  -0.0002933966  -0.0020183572
       -0.0010586415   0.0002118612   0.0020015176  -0.0120920240   0.0000635019
        0.0000001082   0.0001869340  -0.0000893181   0.0000001027  -0.0000522779
       -0.0338502906  -0.0000009660   0.0081862920  -0.0002937031   0.0020187809
       -0.0010587141   0.0001100123  -0.0005487116   0.0002604887  -0.0004221912
       -0.0003509264   0.0001953642   0.0000068092   0.0001050596   0.0001408627
       -0.0004218439   0.0003506443   0.0001954651   0.0000069928  -0.0001049189
        0.0001409782  -0.0181431069   0.0000021662   0.0227639592
       -0.0005895317   0.0003600763   0.0003373649  -0.0000000360   0.0001352004
        0.0000000337  -0.0011441809  -0.0028719421  -0.0253818038  -0.0000025787
        0.0515504894  -0.0000108361   0.0005898732   0.0003598647  -0.0003377212
        0.0001929859   0.0005276356  -0.0005334557  -0.0026722541  -0.0040760360
       -0.0027741255   0.0011442005  -0.0028719849   0.0253794955   0.0000000211
       -0.0002617628   0.0000000070   0.0000000305  -0.0000972025  -0.0000000288
        0.0000014736  -0.0405786336   0.0000147726   0.0026728088  -0.0040756480
        0.0027737654  -0.0001931062   0.0005278080   0.0005332381  -0.0003010823
        0.0000626252   0.0002606662   0.0001403586   0.0000074152   0.0001597603
        0.0003007756   0.0000626313  -0.0002606253  -0.0001403110   0.0000073069
       -0.0001599532   0.0000005531   0.0012321569  -0.0000005541
        0.0002613404  -0.0004547903   0.0004515857  -0.0001627835   0.0000000516
       -0.0001143745  -0.0014606544  -0.0034129639  -0.0150029386  -0.0039979664
       -0.0000108361   0.3102527028   0.0002618114   0.0004551387   0.0004517082
        0.0002809404   0.0002420702   0.0005756083  -0.0014137212  -0.0027958704
       -0.0011564269  -0.0014612873   0.0034124458  -0.0150003360   0.0001785413
        0.0000000777   0.0000061970   0.0000299558   0.0000000208  -0.0000216366
        0.0019873430   0.0000121101  -0.2757087115  -0.0014141280   0.0027956721
       -0.0011561091   0.0002809430  -0.0002422824   0.0005758485  -0.0003745985
       -0.0000829459   0.0003288732   0.0001186915   0.0001023404   0.0001519110
       -0.0003746310   0.0000829215   0.0003285906   0.0001186225  -0.0001022354
        0.0001520521   0.0071415811  -0.0000009243  -0.0051145442
        0.0050341788  -0.0077356683   0.0042880634  -0.0891882644   0.0463657789
       -0.0212854722  -0.1806791993   0.0035176694   0.0325571386   0.0008997712
        0.0005898732   0.0002618114   0.4564104537   0.0286003007   0.0054276658
       -0.0182024724   0.0025331051   0.0033020650  -0.0081663845  -0.0004725105
        0.0051520902   0.0006558062   0.0010124333   0.0002012393   0.0005191796
        0.0002646034  -0.0007797894  -0.0167510415   0.0249922387  -0.0103390069
       -0.0249297297  -0.0115273529  -0.0007363178  -0.0000261701  -0.0001464134
        0.0001206282   0.0001119311   0.0001794628  -0.0000430398  -0.0445363882
       -0.0019090368   0.0224149480  -0.0830160896  -0.0816758331  -0.0393005597
        0.0002969887  -0.0000940043   0.0002227174  -0.0001623127  -0.0031512175
       -0.0007022585   0.0017297430  -0.0013434287  -0.0007619230
        0.0077421933  -0.0321551231   0.0063309510   0.0474284417  -0.1516432982
        0.0405962167  -0.0027799201  -0.0636111054   0.0004245953  -0.0001850669
        0.0003598647   0.0004551387   0.0286003007   0.5011756867   0.0205279127
        0.0237537426  -0.0010736094  -0.0045567819   0.0001703965   0.0006588294
        0.0002130913   0.0018245752   0.0022284590   0.0005040457   0.0016604759
       -0.0034595720   0.0043254754   0.0034086152  -0.0029414224   0.0012854756
       -0.0206823500  -0.0026155532   0.0031357310  -0.0002656745  -0.0001844896
        0.0001729131   0.0002670492   0.0002961005  -0.0000084201  -0.0019262732
       -0.0443543022   0.0031638376  -0.0816993055  -0.1961751004  -0.0753245152
        0.0003735801   0.0008743137   0.0007985432  -0.0022830714  -0.0049112888
       -0.0016764434  -0.0054077086  -0.0024683893  -0.0003677669
        0.0042891877  -0.0063280588   0.0038888891  -0.0213307751   0.0403244455
       -0.0873777803   0.0302446763  -0.0004390376  -0.0750838717  -0.0009787230
       -0.0003377212   0.0004517082   0.0054276658   0.0205279127   0.5257924030
       -0.0103817593   0.0007050773   0.0027447350   0.0301086413   0.0005096283
       -0.0104656001  -0.0000560625   0.0005359203   0.0000886187  -0.0136925440
        0.0265293168  -0.0159015953   0.0031662590  -0.0051694625   0.0026974880
       -0.0059554220   0.0004174838   0.0024225204  -0.0000195382  -0.0000004119
       -0.0000322285  -0.0000427549  -0.0001080496  -0.0000665509   0.0223797134
        0.0032543485  -0.2690803108  -0.0389884469  -0.0750762063  -0.0813492095
        0.0002099684  -0.0012385438   0.0008149485  -0.0008762070  -0.0026092961
        0.0000311266  -0.0035038789  -0.0014973454   0.0004247095
        0.0001120911  -0.0002669768  -0.0000427625  -0.0062858080   0.0000324978
        0.0018454149  -0.0844991717   0.0830190163  -0.0394231553   0.0001096243
        0.0001929859   0.0002809404  -0.0182024724   0.0237537426  -0.0103817593
        0.1025247816  -0.0931839729   0.0452337321   0.0017679386  -0.0007807931
       -0.0000358242  -0.0000858013  -0.0021211097  -0.0010428392   0.0000222455
       -0.0002280893   0.0002388626  -0.0011252026   0.0014822013  -0.0004676095
        0.0040132648  -0.0109438645   0.0041100919  -0.0001096211   0.0000301594
       -0.0000322453   0.0002492710  -0.0006687842   0.0000831717   0.0006830073
        0.0003020099  -0.0001469302   0.0002577506   0.0001691035  -0.0003880508
       -0.0000630352  -0.0000119878  -0.0000026804   0.0000724253  -0.0000739388
        0.0000042338   0.0005587122  -0.0007021997   0.0001674093
       -0.0001793380   0.0002961901   0.0001080100   0.0007381473   0.0011202557
       -0.0003208834   0.0815242793  -0.1935058751   0.0724847592   0.0005487887
        0.0005276356   0.0002420702   0.0025331051  -0.0010736094   0.0007050773
       -0.0931839729   0.2273124153  -0.0830850936   0.0016053314  -0.0016941438
        0.0034914117  -0.0027366424  -0.0044954036  -0.0027226451  -0.0000729022
       -0.0000004701  -0.0000851796   0.0001010930  -0.0002676401   0.0000399979
        0.0095802727  -0.0276147049   0.0090342696  -0.0000988331   0.0002433077
       -0.0002646718   0.0006690865  -0.0015337588   0.0004180991  -0.0000343550
        0.0000562212  -0.0002759584  -0.0001944593   0.0004966383  -0.0000100453
       -0.0000464932  -0.0000606130  -0.0000103486  -0.0000311714   0.0000603182
        0.0000010598  -0.0007219368   0.0001332368   0.0002500711
       -0.0000430781   0.0000085539  -0.0000663899   0.0008482621  -0.0000846452
        0.0004784576  -0.0394053940   0.0732076054  -0.0811653791   0.0002605678
       -0.0005334557   0.0005756083   0.0033020650  -0.0045567819   0.0027447350
        0.0452337321  -0.0830850936   0.0901082075  -0.0139610359   0.0270234321
       -0.0179159710  -0.0008569381  -0.0014612880   0.0000335030   0.0001533480
       -0.0001515713   0.0001625248   0.0000937024  -0.0001535278   0.0002173044
        0.0041244838  -0.0092070209   0.0041441543  -0.0000333396  -0.0002129169
        0.0001225248   0.0000832561  -0.0004181553   0.0002782329   0.0003456245
       -0.0004766792   0.0003758176  -0.0004287938  -0.0000299384  -0.0000651677
        0.0000020926   0.0000031474   0.0000026035  -0.0000039474   0.0000008924
       -0.0000175111   0.0002853925   0.0001274429  -0.0000132551
       -0.0000262384   0.0002658076  -0.0000194614   0.0008303103  -0.0005077279
        0.0008769307  -0.0440464541   0.0018875507   0.0236559968  -0.0002933966
       -0.0026722541  -0.0014137212  -0.0081663845   0.0001703965   0.0301086413
        0.0017679386   0.0016053314  -0.0139610359   0.0549522180   0.0012378729
       -0.0269275582   0.0001237964   0.0003858392   0.0002181190  -0.0003229395
        0.0003347636  -0.0004689092   0.0002473964  -0.0002117555  -0.0001806269
       -0.0002068018  -0.0027481382  -0.0139479452   0.0002718803   0.0001114138
        0.0001393970  -0.0001096138   0.0000988508  -0.0000335349  -0.0061990974
        0.0001618869   0.0024929053   0.0006775131   0.0000564555   0.0003527281
       -0.0001760035  -0.0001398024  -0.0001172618  -0.0000905109  -0.0000412660
        0.0000107284   0.0007663872   0.0000047752  -0.0007853919
        0.0001464722  -0.0001844652   0.0000002935   0.0002244071   0.0003335373
       -0.0008050581   0.0015675619  -0.0450862549  -0.0008644117  -0.0020183572
       -0.0040760360  -0.0027958704  -0.0004725105   0.0006588294   0.0005096283
       -0.0007807931  -0.0016941438   0.0270234321   0.0012378729   0.0519537778
        0.0039482139  -0.0000713803   0.0008772853  -0.0012088490   0.0003420651
        0.0000784497   0.0000992103  -0.0000401654  -0.0001038204   0.0000764716
        0.0005658750  -0.0031838861  -0.0271707486  -0.0001113325  -0.0006037492
        0.0003375701  -0.0000301681   0.0002433566   0.0002127523  -0.0002643538
        0.0006873687  -0.0001032360  -0.0003027623   0.0000243871   0.0004933598
       -0.0001302703  -0.0000659494   0.0001306158  -0.0000427705  -0.0000514511
       -0.0000057841   0.0001806097   0.0001927645   0.0001224101
        0.0001205923  -0.0001729068  -0.0000320836  -0.0007674768   0.0000533776
        0.0007677872   0.0226305221  -0.0017984261  -0.2694931639  -0.0010586415
       -0.0027741255  -0.0011564269   0.0051520902   0.0002130913  -0.0104656001
       -0.0000358242   0.0034914117  -0.0179159710  -0.0269275582   0.0039482139
        0.3131793897   0.0002938460   0.0009831484   0.0008109703   0.0001870977
       -0.0002607853   0.0003572051  -0.0001570063   0.0001295631   0.0000772996
       -0.0008416195  -0.0045181582  -0.0171995212   0.0001394867  -0.0003377874
        0.0003873563  -0.0000323173   0.0002646891   0.0001224898   0.0024398506
        0.0001666172  -0.0002654315  -0.0001764388   0.0002187512   0.0004206874
       -0.0000830420   0.0001283781  -0.0000411606   0.0000389134  -0.0000078239
        0.0000011981  -0.0009224745   0.0002727715   0.0004449751
       -0.1806865088   0.0027664759   0.0302393279  -0.0216427458  -0.0083081238
        0.0007580648   0.0038620560  -0.0075709502   0.0037925750   0.0002118612
        0.0011442005  -0.0014612873   0.0006558062   0.0018245752  -0.0000560625
       -0.0000858013  -0.0027366424  -0.0008569381   0.0001237964  -0.0000713803
        0.0002938460   0.4513672327   0.0366841507   0.0019908118   0.0007264161
        0.0006462677   0.0004312769  -0.0011266537  -0.0028921653  -0.0010572731
       -0.0702463438   0.0418160822  -0.0226616795  -0.0440473493  -0.0015689766
        0.0226440963  -0.0844738053  -0.0815045190  -0.0393986540   0.0000392549
       -0.0001715517   0.0000738258   0.0000567165   0.0001544514  -0.0000650265
       -0.0082671755  -0.0003006035   0.0051713373  -0.0189850488   0.0028222168
        0.0034971250  -0.0274817077   0.0172664924  -0.0033353657
       -0.0035351680  -0.0636077409   0.0004435849  -0.0237983390  -0.0032183234
        0.0038461743   0.0075756806  -0.0285753331   0.0064795232   0.0020015176
       -0.0028719849   0.0034124458   0.0010124333   0.0022284590   0.0005359203
       -0.0021211097  -0.0044954036  -0.0014612880   0.0003858392   0.0008772853
        0.0009831484   0.0366841507   0.4974865466   0.0203001341  -0.0001144551
        0.0005532356   0.0007183361  -0.0034008399  -0.0037649622  -0.0014384174
        0.0394865292  -0.1548212450   0.0427974189  -0.0018892496  -0.0450852068
        0.0018104844  -0.0829981594  -0.1935167221  -0.0732190746  -0.0001536850
       -0.0001652892   0.0001092466   0.0001937553   0.0004447537  -0.0000045192
        0.0006147969   0.0004777689   0.0000284663   0.0244276431  -0.0015779111
       -0.0048572831   0.0056286600  -0.0003679268  -0.0004843011
        0.0325547578  -0.0004204577  -0.0750788589  -0.0090286542  -0.0002959827
        0.0024751141   0.0037921805  -0.0064796334   0.0044188994  -0.0120920240
        0.0253794955  -0.0150003360   0.0002012393   0.0005040457   0.0000886187
       -0.0010428392  -0.0027226451   0.0000335030   0.0002181190  -0.0012088490
        0.0008109703   0.0019908118   0.0203001341   0.5265925979  -0.0011453094
       -0.0002631148   0.0007319484  -0.0016878380  -0.0021004840  -0.0000754487
       -0.0224560229   0.0417847799  -0.0885882430   0.0236697717   0.0008775710
       -0.2694996724  -0.0394161883  -0.0724969225  -0.0811738938  -0.0000494825
       -0.0000746389   0.0000322477  -0.0001048810  -0.0000506983  -0.0000419137
        0.0305800843   0.0000223192  -0.0107955662  -0.0105362017   0.0009049195
        0.0027182606   0.0045524768  -0.0036598386   0.0023517726
        0.0005198174  -0.0016601658  -0.0136879003  -0.0467241385  -0.0000003281
        0.0168960767   0.0007265688   0.0001144055  -0.0011461360   0.0000635019
        0.0000000211   0.0001785413   0.0005191796   0.0016604759  -0.0136925440
        0.0000222455  -0.0000729022   0.0001533480  -0.0003229395   0.0003420651
        0.0001870977   0.0007264161  -0.0001144551  -0.0011453094   0.0517827082
       -0.0000006693  -0.0175379775  -0.0058470810  -0.0000001712   0.0324553480
       -0.0003595842  -0.0000000014  -0.0000755638  -0.0003226960  -0.0003420850
        0.0001869888   0.0000221442   0.0000729543   0.0001531789  -0.0006421124
        0.0023677214  -0.0017101279   0.0002395254  -0.0004887174   0.0002551333
       -0.0006412463  -0.0023669787  -0.0017094197   0.0002395679   0.0004888213
        0.0002552183  -0.0000018770   0.0000000096  -0.0000159525
       -0.0002636924  -0.0034618837  -0.0265330554  -0.0000001896  -0.0414970050
       -0.0000010415  -0.0006463399   0.0005535764   0.0002630343   0.0000001082
       -0.0002617628   0.0000000777   0.0002646034  -0.0034595720   0.0265293168
       -0.0002280893  -0.0000004701  -0.0001515713   0.0003347636   0.0000784497
       -0.0002607853   0.0006462677   0.0005532356  -0.0002631148  -0.0000006693
        0.0535590706   0.0000025042  -0.0000006230   0.0012598141   0.0000028527
       -0.0000001919   0.0001076034  -0.0000003124  -0.0003346726   0.0000786903
        0.0002606468   0.0002280517  -0.0000003931   0.0001515814   0.0028280169
       -0.0042002588   0.0029672447  -0.0002357501   0.0004739510   0.0005366473
       -0.0028275391  -0.0042014602  -0.0029675365   0.0002357547   0.0004742473
       -0.0005367573   0.0000001909  -0.0000558327   0.0000002688
       -0.0007785612  -0.0043265334  -0.0159007521   0.0165402318  -0.0000017183
       -0.2706442422   0.0004317015  -0.0007183390   0.0007327005   0.0001869340
        0.0000000070   0.0000061970  -0.0007797894   0.0043254754  -0.0159015953
        0.0002388626  -0.0000851796   0.0001625248  -0.0004689092   0.0000992103
        0.0003572051   0.0004312769   0.0007183361   0.0007319484  -0.0175379775
        0.0000025042   0.3150650891   0.0046121637   0.0000001782  -0.0136252046
        0.0000072473   0.0000000297  -0.0001763083  -0.0004688822  -0.0000993885
        0.0003571063   0.0002387443   0.0000852442   0.0001625452  -0.0014562675
        0.0029888193  -0.0011313876   0.0003009661  -0.0000999716   0.0004626192
       -0.0014556700  -0.0029888327  -0.0011309370   0.0003009417   0.0001001623
        0.0004629316  -0.0003430129  -0.0000000038   0.0000095597
       -0.0167467145  -0.0034115126   0.0031652894  -0.2575270809  -0.0000173170
        0.0601644980  -0.0011273416   0.0034010555  -0.0016884724  -0.0000893181
        0.0000000305   0.0000299558  -0.0167510415   0.0034086152   0.0031662590
       -0.0011252026   0.0001010930   0.0000937024   0.0002473964  -0.0000401654
       -0.0001570063  -0.0011266537  -0.0034008399  -0.0016878380  -0.0058470810
       -0.0000006230   0.0046121637   0.2992110992   0.0000205992  -0.0680938518
        0.0005303855   0.0000001363   0.0003510680   0.0002472514   0.0000402935
       -0.0001569607  -0.0011251973  -0.0001011960   0.0000936168   0.0002534869
       -0.0005176906  -0.0001958637   0.0003262517   0.0000321818   0.0002696408
        0.0002535959   0.0005176750  -0.0001958839   0.0003262059  -0.0000322899
        0.0002695172   0.0000699583  -0.0000000454  -0.0000398343
       -0.0249958526  -0.0029465907   0.0051698750  -0.0000168619  -0.0402981718
        0.0000048350   0.0028921853  -0.0037629983   0.0021003705   0.0000001027
       -0.0000972025   0.0000000208   0.0249922387  -0.0029414224  -0.0051694625
        0.0014822013  -0.0002676401  -0.0001535278  -0.0002117555  -0.0001038204
        0.0001295631  -0.0028921653  -0.0037649622  -0.0021004840  -0.0000001712
        0.0012598141   0.0000001782   0.0000205992   0.0516109470  -0.0000052761
        0.0000000736  -0.0003876611   0.0000000045   0.0002117887  -0.0001037830
       -0.0001295520  -0.0014825323  -0.0002679350   0.0001534887  -0.0001644691
        0.0007139073  -0.0002641687   0.0002869763   0.0002670366  -0.0003105608
        0.0001641987   0.0007142282   0.0002641128  -0.0002869232   0.0002666292
        0.0003105749   0.0000003666   0.0001096250   0.0000000084
       -0.0103379536  -0.0012876171   0.0026971085   0.0607459749   0.0000051293
       -0.0619547088  -0.0010572074   0.0014382732  -0.0000746325  -0.0000522779
       -0.0000000288  -0.0000216366  -0.0103390069   0.0012854756   0.0026974880
       -0.0004676095   0.0000399979   0.0002173044  -0.0001806269   0.0000764716
        0.0000772996  -0.0010572731  -0.0014384174  -0.0000754487   0.0324553480
        0.0000028527  -0.0136252046  -0.0680938518  -0.0000052761   0.0690023270
        0.0002053433  -0.0000000152  -0.0000626744  -0.0001807372  -0.0000764244
        0.0000773448  -0.0004676320  -0.0000401072   0.0002173420  -0.0006675747
        0.0000267360   0.0003348622   0.0001848640  -0.0003799886   0.0000415198
       -0.0006676046  -0.0000269497   0.0003350532   0.0001846640   0.0003799447
        0.0000414376  -0.0002068386  -0.0000000567   0.0000752186
       -0.0249302886   0.0206784626  -0.0059565994   0.0023288205   0.0000000331
       -0.0008894133  -0.0702372693  -0.0394867682  -0.0224599762  -0.0338502906
        0.0000014736   0.0019873430  -0.0249297297  -0.0206823500  -0.0059554220
        0.0040132648   0.0095802727   0.0041244838  -0.0002068018   0.0005658750
       -0.0008416195  -0.0702463438   0.0394865292  -0.0224560229  -0.0003595842
       -0.0000001919   0.0000072473   0.0005303855   0.0000000736   0.0002053433
        0.2666655968  -0.0000048235   0.0375833875  -0.0002066688  -0.0005667181
       -0.0008421606   0.0040137950  -0.0095756498   0.0041236012   0.0004012077
       -0.0003892100  -0.0006808290  -0.0048531197  -0.0007198006   0.0008687408
        0.0004015515   0.0003886385  -0.0006806119  -0.0048533469   0.0007185306
        0.0008685451  -0.0436811784   0.0000056231   0.0109939628
        0.0115245095  -0.0026098459  -0.0004192391  -0.0000000554  -0.0002346334
       -0.0000000911  -0.0418158758  -0.1548482546  -0.0417960215  -0.0000009660
       -0.0405786336   0.0000121101  -0.0115273529  -0.0026155532   0.0004174838
       -0.0109438645  -0.0276147049  -0.0092070209  -0.0027481382  -0.0031838861
       -0.0045181582   0.0418160822  -0.1548212450   0.0417847799  -0.0000000014
        0.0001076034   0.0000000297   0.0000001363  -0.0003876611  -0.0000000152
       -0.0000048235   0.4329898756  -0.0000002158   0.0027502454  -0.0031855591
        0.0045194175   0.0109489545  -0.0276159778   0.0092067631   0.0005580279
        0.0002709639  -0.0000919215   0.0002519143   0.0009068707  -0.0000313471
       -0.0005580841   0.0002709831   0.0000917902  -0.0002534061   0.0009069080
        0.0000313916   0.0000026979  -0.0177572500   0.0000002645
       -0.0007376755  -0.0031357630   0.0024215036  -0.0001661566  -0.0000001165
        0.0002585731  -0.0226632939  -0.0428093317  -0.0885937554   0.0081862920
        0.0000147726  -0.2757087115  -0.0007363178   0.0031357310   0.0024225204
        0.0041100919   0.0090342696   0.0041441543  -0.0139479452  -0.0271707486
       -0.0171995212  -0.0226616795   0.0427974189  -0.0885882430  -0.0000755638
       -0.0000003124  -0.0001763083   0.0003510680   0.0000000045  -0.0000626744
        0.0375833875  -0.0000002158   0.4992458431  -0.0139512901   0.0271693836
       -0.0171998793   0.0041115010  -0.0090352033   0.0041442775   0.0013498603
        0.0008763486   0.0003156784   0.0015921164   0.0003260509   0.0003731798
        0.0013493809  -0.0008754176   0.0003149634   0.0015916074  -0.0003257879
        0.0003724560   0.0147146168  -0.0000010827  -0.0264840566
       -0.0081694373  -0.0001720878   0.0301095022   0.0008299195   0.0005077372
        0.0008766086   0.0001238441  -0.0003854421   0.0002173204  -0.0002937031
        0.0026728088  -0.0014141280  -0.0000261701  -0.0002656745  -0.0000195382
       -0.0001096211  -0.0000988331  -0.0000333396   0.0002718803  -0.0001113325
        0.0001394867  -0.0440473493  -0.0018892496   0.0236697717  -0.0003226960
       -0.0003346726  -0.0004688822   0.0002472514   0.0002117887  -0.0001807372
       -0.0002066688   0.0027502454  -0.0139512901   0.0549550052  -0.0012376693
       -0.0269426402   0.0017688282  -0.0016038438  -0.0139569649  -0.0001761064
        0.0001398272  -0.0001171772  -0.0000905580   0.0000412917   0.0000107329
       -0.0061996586  -0.0001628165   0.0024925178   0.0006778711  -0.0000564783
        0.0003529128   0.0007673689  -0.0000055988  -0.0007841554
        0.0004719909   0.0006589146  -0.0005045765  -0.0002242660   0.0003335608
        0.0008050060   0.0000714909   0.0008768185   0.0012088680   0.0020187809
       -0.0040756480   0.0027956721  -0.0001464134  -0.0001844896  -0.0000004119
        0.0000301594   0.0002433077  -0.0002129169   0.0001114138  -0.0006037492
       -0.0003377874  -0.0015689766  -0.0450852068   0.0008775710  -0.0003420850
        0.0000786903  -0.0000993885   0.0000402935  -0.0001037830  -0.0000764244
       -0.0005667181  -0.0031855591   0.0271693836  -0.0012376693   0.0519522234
       -0.0039626444   0.0007828183  -0.0016927999  -0.0270251908   0.0001303766
       -0.0000658828  -0.0001307323   0.0000427879  -0.0000515270   0.0000057987
        0.0002635067   0.0006874000   0.0001034479   0.0003030354   0.0000246230
       -0.0004933086  -0.0001805260   0.0001931072  -0.0001223655
        0.0051527633  -0.0002127135  -0.0104646158  -0.0007672989  -0.0000533265
        0.0007676033   0.0002938962  -0.0009831971   0.0008106595  -0.0010587141
        0.0027737654  -0.0011561091   0.0001206282   0.0001729131  -0.0000322285
       -0.0000322453  -0.0002646718   0.0001225248   0.0001393970   0.0003375701
        0.0003873563   0.0226440963   0.0018104844  -0.2694996724   0.0001869888
        0.0002606468   0.0003571063  -0.0001569607  -0.0001295520   0.0000773448
       -0.0008421606   0.0045194175  -0.0171998793  -0.0269426402  -0.0039626444
        0.3131862815  -0.0000343672  -0.0034906250  -0.0179177867  -0.0000829678
       -0.0001282835  -0.0000411877   0.0000388440   0.0000077460   0.0000012887
        0.0024399304  -0.0001661557  -0.0002650845  -0.0001766331  -0.0002186654
        0.0004211221  -0.0009225561  -0.0002727084   0.0004452766
       -0.0181994091  -0.0237571296  -0.0103833151  -0.0062863933  -0.0000333866
        0.0018448084  -0.0000866197   0.0021227870  -0.0010429558   0.0001100123
       -0.0001931062   0.0002809430   0.0001119311   0.0002670492  -0.0000427549
        0.0002492710   0.0006690865   0.0000832561  -0.0001096138  -0.0000301681
       -0.0000323173  -0.0844738053  -0.0829981594  -0.0394161883   0.0000221442
        0.0002280517   0.0002387443  -0.0011251973  -0.0014825323  -0.0004676320
        0.0040137950   0.0109489545   0.0041115010   0.0017688282   0.0007828183
       -0.0000343672   0.1024957203   0.0931621880   0.0452265164  -0.0000631541
        0.0000118896  -0.0000027105   0.0000724109   0.0000739685   0.0000041772
        0.0006829681  -0.0003021770  -0.0001470539   0.0002577536  -0.0001692001
       -0.0003879798   0.0005593579   0.0006990660   0.0001673285
       -0.0025360239  -0.0010778151  -0.0007070936  -0.0007395610   0.0011201754
        0.0003210446   0.0027369633  -0.0044954628   0.0027224750  -0.0005487116
        0.0005278080  -0.0002422824   0.0001794628   0.0002961005  -0.0001080496
       -0.0006687842  -0.0015337588  -0.0004181553   0.0000988508   0.0002433566
        0.0002646891  -0.0815045190  -0.1935167221  -0.0724969225   0.0000729543
       -0.0000003931   0.0000852442  -0.0001011960  -0.0002679350  -0.0000401072
       -0.0095756498  -0.0276159778  -0.0090352033  -0.0016038438  -0.0016927999
       -0.0034906250   0.0931621880   0.2273271822   0.0830999042   0.0000465327
       -0.0000606468   0.0000103515   0.0000311477   0.0000603489  -0.0000010995
        0.0000345584   0.0000563402   0.0002759649   0.0001941708   0.0004963601
        0.0000099578   0.0007214606   0.0001338394  -0.0002500928
        0.0033003363   0.0045558709   0.0027445547   0.0008480494   0.0000849075
        0.0004787066  -0.0008570361   0.0014609931   0.0000331174   0.0002604887
        0.0005332381   0.0005758485  -0.0000430398  -0.0000084201  -0.0000665509
        0.0000831717   0.0004180991   0.0002782329  -0.0000335349   0.0002127523
        0.0001224898  -0.0393986540  -0.0732190746  -0.0811738938   0.0001531789
        0.0001515814   0.0001625452   0.0000936168   0.0001534887   0.0002173420
        0.0041236012   0.0092067631   0.0041442775  -0.0139569649  -0.0270251908
       -0.0179177867   0.0452265164   0.0830999042   0.0901182271   0.0000021871
       -0.0000029800   0.0000025382  -0.0000040565  -0.0000010498  -0.0000173702
        0.0003457934   0.0004768352   0.0003759593  -0.0004287294   0.0000299041
       -0.0000653077   0.0002850756  -0.0001276222  -0.0000129301
        0.0002972611  -0.0003736982   0.0002096919   0.0007267582   0.0023447102
       -0.0140038010  -0.0082636182  -0.0006140070   0.0305797640  -0.0004221912
       -0.0003010823  -0.0003745985  -0.0445363882  -0.0019262732   0.0223797134
        0.0006830073  -0.0000343550   0.0003456245  -0.0061990974  -0.0002643538
        0.0024398506   0.0000392549  -0.0001536850  -0.0000494825  -0.0006421124
        0.0028280169  -0.0014562675   0.0002534869  -0.0001644691  -0.0006675747
        0.0004012077   0.0005580279   0.0013498603  -0.0001761064   0.0001303766
       -0.0000829678  -0.0000631541   0.0000465327   0.0000021871   0.0557044783
       -0.0006465033  -0.0267498276   0.0018129465  -0.0013066709  -0.0138310032
        0.0002281396  -0.0000637608   0.0001274565  -0.0001161518  -0.0001186003
        0.0000159617   0.0002722792   0.0000597947  -0.0002345873
        0.0000937402   0.0008742745   0.0012388585  -0.0003390631  -0.0035555925
        0.0261053703   0.0002999281   0.0004780172  -0.0000193627  -0.0003509264
        0.0000626252  -0.0000829459  -0.0019090368  -0.0443543022   0.0032543485
        0.0003020099   0.0000562212  -0.0004766792   0.0001618869   0.0006873687
        0.0001666172  -0.0001715517  -0.0001652892  -0.0000746389   0.0023677214
       -0.0042002588   0.0029888193  -0.0005176906   0.0007139073   0.0000267360
       -0.0003892100   0.0002709639   0.0008763486   0.0001398272  -0.0000658828
       -0.0001282835   0.0000118896  -0.0000606468  -0.0000029800  -0.0006465033
        0.0511809354  -0.0058198518   0.0008587715  -0.0015617906  -0.0273869271
        0.0000639818  -0.0005055143  -0.0003869602   0.0000439850   0.0002067624
       -0.0002163630  -0.0000197597  -0.0000617987  -0.0000621061
        0.0002229414  -0.0007985405   0.0008149735  -0.0011545693   0.0041678293
       -0.0159487304   0.0051708484  -0.0000284937  -0.0107976408   0.0001953642
        0.0002606662   0.0003288732   0.0224149480   0.0031638376  -0.2690803108
       -0.0001469302  -0.0002759584   0.0003758176   0.0024929053  -0.0001032360
       -0.0002654315   0.0000738258   0.0001092466   0.0000322477  -0.0017101279
        0.0029672447  -0.0011313876  -0.0001958637  -0.0002641687   0.0003348622
       -0.0006808290  -0.0000919215   0.0003156784  -0.0001171772  -0.0001307323
       -0.0000411877  -0.0000027105   0.0000103515   0.0000025382  -0.0267498276
       -0.0058198518   0.3127485592  -0.0001407960  -0.0032830184  -0.0183837131
        0.0001272964   0.0003871481   0.0003888528  -0.0000620804  -0.0002392511
        0.0001281918   0.0002627822  -0.0000311516   0.0001778074
       -0.0001631046   0.0022841005  -0.0008767414   0.0050207636   0.0105352749
        0.0041146334  -0.0189817407  -0.0244323370  -0.0105333446   0.0000068092
        0.0001403586   0.0001186915  -0.0830160896  -0.0816993055  -0.0389884469
        0.0002577506  -0.0001944593  -0.0004287938   0.0006775131  -0.0003027623
       -0.0001764388   0.0000567165   0.0001937553  -0.0001048810   0.0002395254
       -0.0002357501   0.0003009661   0.0003262517   0.0002869763   0.0001848640
       -0.0048531197   0.0002519143   0.0015921164  -0.0000905580   0.0000427879
        0.0000388440   0.0000724109   0.0000311477  -0.0000040565   0.0018129465
        0.0008587715  -0.0001407960   0.1005211000   0.0927236162   0.0449221339
       -0.0001160076  -0.0000440422  -0.0000620833   0.0001966830   0.0006074391
        0.0001327928  -0.0019678504  -0.0010474861  -0.0000894598
        0.0031519079  -0.0049103574   0.0026095071  -0.0087462267  -0.0255034975
       -0.0088023035  -0.0028245853  -0.0015814085  -0.0009063074   0.0001050596
        0.0000074152   0.0001023404  -0.0816758331  -0.1961751004  -0.0750762063
        0.0001691035   0.0004966383  -0.0000299384   0.0000564555   0.0000243871
        0.0002187512   0.0001544514   0.0004447537  -0.0000506983  -0.0004887174
        0.0004739510  -0.0000999716   0.0000321818   0.0002670366  -0.0003799886
       -0.0007198006   0.0009068707   0.0003260509   0.0000412917  -0.0000515270
        0.0000077460   0.0000739685   0.0000603489  -0.0000010498  -0.0013066709
       -0.0015617906  -0.0032830184   0.0927236162   0.2287346778   0.0856161511
        0.0001184955   0.0002068838   0.0002391278  -0.0006070605  -0.0017065464
       -0.0004545864  -0.0002576369  -0.0001327352  -0.0000356056
       -0.0007027022   0.0016766401   0.0000309870   0.0035517095   0.0088985577
        0.0039335240   0.0034976513   0.0048598144   0.0027192976   0.0001408627
        0.0001597603   0.0001519110  -0.0393005597  -0.0753245152  -0.0813492095
       -0.0003880508  -0.0000100453  -0.0000651677   0.0003527281   0.0004933598
        0.0004206874  -0.0000650265  -0.0000045192  -0.0000419137   0.0002551333
        0.0005366473   0.0004626192   0.0002696408  -0.0003105608   0.0000415198
        0.0008687408  -0.0000313471   0.0003731798   0.0000107329   0.0000057987
        0.0000012887   0.0000041772  -0.0000010995  -0.0000173702  -0.0138310032
       -0.0273869271  -0.0183837131   0.0449221339   0.0856161511   0.0911768170
        0.0000159010   0.0002164287   0.0001283650   0.0001327053   0.0004545961
        0.0003021186   0.0002652256   0.0001512599   0.0001150589
       -0.0445385477   0.0019291198   0.0223943139   0.0007277453  -0.0023446741
       -0.0139985437   0.0000392712   0.0001541871  -0.0000490100  -0.0004218439
        0.0003007756  -0.0003746310   0.0002969887   0.0003735801   0.0002099684
       -0.0000630352  -0.0000464932   0.0000020926  -0.0001760035  -0.0001302703
       -0.0000830420  -0.0082671755   0.0006147969   0.0305800843  -0.0006412463
       -0.0028275391  -0.0014556700   0.0002535959   0.0001641987  -0.0006676046
        0.0004015515  -0.0005580841   0.0013493809  -0.0061996586   0.0002635067
        0.0024399304   0.0006829681   0.0000345584   0.0003457934   0.0002281396
        0.0000639818   0.0001272964  -0.0001160076   0.0001184955   0.0000159010
        0.0557067815   0.0006435541  -0.0267678891   0.0018140827   0.0013059730
       -0.0138337122   0.0002723937  -0.0000596670  -0.0002346587
        0.0019119935  -0.0443544888  -0.0032797944   0.0003416762  -0.0035577550
       -0.0261080361   0.0001716377  -0.0001649028   0.0000747237   0.0003506443
        0.0000626313   0.0000829215  -0.0000940043   0.0008743137  -0.0012385438
       -0.0000119878  -0.0000606130   0.0000031474  -0.0001398024  -0.0000659494
        0.0001283781  -0.0003006035   0.0004777689   0.0000223192  -0.0023669787
       -0.0042014602  -0.0029888327   0.0005176750   0.0007142282  -0.0000269497
        0.0003886385   0.0002709831  -0.0008754176  -0.0001628165   0.0006874000
       -0.0001661557  -0.0003021770   0.0000563402   0.0004768352  -0.0000637608
       -0.0005055143   0.0003871481  -0.0000440422   0.0002068838   0.0002164287
        0.0006435541   0.0511810065   0.0058458472  -0.0008597494  -0.0015590737
        0.0273843344   0.0000201034  -0.0000617987   0.0000616463
        0.0224300206  -0.0031882504  -0.2690872996  -0.0011530143  -0.0041684262
       -0.0159458943   0.0000738009  -0.0001092458   0.0000326854   0.0001954651
       -0.0002606253   0.0003285906   0.0002227174   0.0007985432   0.0008149485
       -0.0000026804  -0.0000103486   0.0000026035  -0.0001172618   0.0001306158
       -0.0000411606   0.0051713373   0.0000284663  -0.0107955662  -0.0017094197
       -0.0029675365  -0.0011309370  -0.0001958839   0.0002641128   0.0003350532
       -0.0006806119   0.0000917902   0.0003149634   0.0024925178   0.0001034479
       -0.0002650845  -0.0001470539   0.0002759649   0.0003759593   0.0001274565
       -0.0003869602   0.0003888528  -0.0000620833   0.0002391278   0.0001283650
       -0.0267678891   0.0058458472   0.3127553946  -0.0001402152   0.0032823930
       -0.0183896034   0.0002627979   0.0000310837   0.0001781291
       -0.0830372972   0.0817108358  -0.0390076847   0.0050208232  -0.0105296909
        0.0041145131   0.0000568905  -0.0001931985  -0.0001048812   0.0000069928
       -0.0001403110   0.0001186225  -0.0001623127  -0.0022830714  -0.0008762070
        0.0000724253  -0.0000311714  -0.0000039474  -0.0000905109  -0.0000427705
        0.0000389134  -0.0189850488   0.0244276431  -0.0105362017   0.0002395679
        0.0002357547   0.0003009417   0.0003262059  -0.0002869232   0.0001846640
       -0.0048533469  -0.0002534061   0.0015916074   0.0006778711   0.0003030354
       -0.0001766331   0.0002577536   0.0001941708  -0.0004287294  -0.0001161518
        0.0000439850  -0.0000620804   0.0001966830  -0.0006070605   0.0001327053
        0.0018140827  -0.0008597494  -0.0001402152   0.1005413780  -0.0927355207
        0.0449440554  -0.0019660057   0.0010474489  -0.0000894427
        0.0816872140  -0.1961417815   0.0750869914   0.0087503342  -0.0255042394
        0.0088060041  -0.0001544581   0.0004449871   0.0000505643  -0.0001049189
        0.0000073069  -0.0001022354  -0.0031512175  -0.0049112888  -0.0026092961
       -0.0000739388   0.0000603182   0.0000008924  -0.0000412660  -0.0000514511
       -0.0000078239   0.0028222168  -0.0015779111   0.0009049195   0.0004888213
        0.0004742473   0.0001001623  -0.0000322899   0.0002666292   0.0003799447
        0.0007185306   0.0009069080  -0.0003257879  -0.0000564783   0.0000246230
       -0.0002186654  -0.0001692001   0.0004963601   0.0000299041  -0.0001186003
        0.0002067624  -0.0002392511   0.0006074391  -0.0017065464   0.0004545961
        0.0013059730  -0.0015590737   0.0032823930  -0.0927355207   0.2286965210
       -0.0856290155   0.0002573596  -0.0001323712   0.0000357033
       -0.0393200255   0.0753353265  -0.0813665379   0.0035519027  -0.0088963086
        0.0039337473  -0.0000650579   0.0000043941  -0.0000414431   0.0001409782
       -0.0001599532   0.0001520521  -0.0007022585  -0.0016764434   0.0000311266
        0.0000042338   0.0000010598  -0.0000175111   0.0000107284  -0.0000057841
        0.0000011981   0.0034971250  -0.0048572831   0.0027182606   0.0002552183
       -0.0005367573   0.0004629316   0.0002695172   0.0003105749   0.0000414376
        0.0008685451   0.0000313916   0.0003724560   0.0003529128  -0.0004933086
        0.0004211221  -0.0003879798   0.0000099578  -0.0000653077   0.0000159617
       -0.0002163630   0.0001281918   0.0001327928  -0.0004545864   0.0003021186
       -0.0138337122   0.0273843344  -0.0183896034   0.0449440554  -0.0856290155
        0.0911998491   0.0002650625  -0.0001512356   0.0001159116
        0.0017328952   0.0054050141  -0.0035021139  -0.0000390944   0.0000001578
        0.0005339888  -0.0275041026  -0.0056354580   0.0045558801  -0.0181431069
        0.0000005531   0.0071415811   0.0017297430  -0.0054077086  -0.0035038789
        0.0005587122  -0.0007219368   0.0002853925   0.0007663872   0.0001806097
       -0.0009224745  -0.0274817077   0.0056286600   0.0045524768  -0.0000018770
        0.0000001909  -0.0003430129   0.0000699583   0.0000003666  -0.0002068386
       -0.0436811784   0.0000026979   0.0147146168   0.0007673689  -0.0001805260
       -0.0009225561   0.0005593579   0.0007214606   0.0002850756   0.0002722792
       -0.0000197597   0.0002627822  -0.0019678504  -0.0002576369   0.0002652256
        0.0002723937   0.0000201034   0.0002627979  -0.0019660057   0.0002573596
        0.0002650625   0.1140558277   0.0000058524  -0.0237240051
        0.0013419012  -0.0024686372   0.0014971282  -0.0000001987   0.0000166972
        0.0000000098  -0.0172745053  -0.0003717648   0.0036593418   0.0000021662
        0.0012321569  -0.0000009243  -0.0013434287  -0.0024683893  -0.0014973454
       -0.0007021997   0.0001332368   0.0001274429   0.0000047752   0.0001927645
        0.0002727715   0.0172664924  -0.0003679268  -0.0036598386   0.0000000096
       -0.0000558327  -0.0000000038  -0.0000000454   0.0001096250  -0.0000000567
        0.0000056231  -0.0177572500  -0.0000010827  -0.0000055988   0.0001931072
       -0.0002727084   0.0006990660   0.0001338394  -0.0001276222   0.0000597947
       -0.0000617987  -0.0000311516  -0.0010474861  -0.0001327352   0.0001512599
       -0.0000596670  -0.0000617987   0.0000310837   0.0010474489  -0.0001323712
       -0.0001512356   0.0000058524   0.0218670777   0.0000029313
       -0.0007625920   0.0003676654   0.0004247867   0.0001019511   0.0000000691
       -0.0000782621  -0.0033372425   0.0004817538   0.0023512890   0.0227639592
       -0.0000005541  -0.0051145442  -0.0007619230  -0.0003677669   0.0004247095
        0.0001674093   0.0002500711  -0.0000132551  -0.0007853919   0.0001224101
        0.0004449751  -0.0033353657  -0.0004843011   0.0023517726  -0.0000159525
        0.0000002688   0.0000095597  -0.0000398343   0.0000000084   0.0000752186
        0.0109939628   0.0000002645  -0.0264840566  -0.0007841554  -0.0001223655
        0.0004452766   0.0001673285  -0.0002500928  -0.0000129301  -0.0002345873
       -0.0000621061   0.0001778074  -0.0000894598  -0.0000356056   0.0001150589
       -0.0002346587   0.0000616463   0.0001781291  -0.0000894427   0.0000357033
        0.0001159116  -0.0237240051   0.0000029313   0.0245885531
