           1           2   1.00973000254504     
           2           5   1.00972817063645     
           3           5  0.996374611276118     
           3           6  0.975900760444755     
           3           7  0.974793078059324     
           1           8  0.996370995331862     
           2           9  0.976835146548660     
           2          10  0.975954666000139     
           3          11   1.01035445955961     
           4          11  0.968352815635334     
           8          11   1.01035280993675     
           8          12  0.974793386166770     
           8          13  0.975900430141090     
           5          14  0.976970734289041     
           5          15  0.974669383987838     
           1          16  0.976971480248242     
           1          17  0.974666666537059     
          11          18  0.908034855444890     
