$hessian                                                                        
        0.4680813256  -0.0131988827  -0.0242585861  -0.0734229856  -0.0253949335
       -0.0140170972  -0.0000485901  -0.0012388572   0.0003594347   0.0006822902
        0.0010725195  -0.0006435941   0.0020062079   0.0028552022   0.0026312984
        0.0001256892  -0.0002957407   0.0000940117  -0.0000080229   0.0001249503
        0.0001505043  -0.1906387199  -0.0000179877  -0.0252323104   0.0034297953
        0.0122948457   0.0083409937  -0.0105929969  -0.0254749406  -0.0158750633
       -0.0117310687   0.0085779483  -0.0087261363  -0.0230577834   0.0007281676
       -0.0010862936  -0.0112211378  -0.0018053011  -0.0038267382   0.0001722292
       -0.0004807219  -0.0000649260   0.0005862714   0.0014022093  -0.0004628082
       -0.1050231697   0.0073238161   0.1045229462  -0.0490703457   0.0337974225
       -0.0224701326   0.0000299391   0.0000290900   0.0000629652  -0.0001506926
       -0.0003210793   0.0003385975  -0.0002587958   0.0000642377   0.0000885424
        0.0000146147  -0.0000291408  -0.0000353999   0.0000469431  -0.0000145881
        0.0000870214   0.0000490035   0.0000017642   0.0000227704
       -0.0131988827   0.5008925641  -0.0294364233  -0.0266238182  -0.1567596560
       -0.0558226052  -0.0010146263   0.0022698098  -0.0013104420   0.0022952041
       -0.0035926267   0.0032232079  -0.0045798116  -0.0320371549  -0.0069499305
       -0.0001768918   0.0004733318  -0.0001249038   0.0002159453  -0.0001924602
       -0.0000357652   0.0028991353  -0.0652680576   0.0009994578   0.0001003454
       -0.0052248285  -0.0055646543  -0.0023755401  -0.0024119110  -0.0022721666
        0.0230116880  -0.0027819891   0.0071513911   0.0010213252   0.0005406827
       -0.0002000973  -0.0243394573  -0.0014458823  -0.0068782114   0.0001371265
        0.0009583808  -0.0009583892   0.0012307774  -0.0045217347   0.0026967110
        0.0077818231  -0.0450937005  -0.0099722857   0.0333874063  -0.1865161673
        0.1059752024  -0.0000534756   0.0000714710   0.0000429529   0.0002559197
        0.0007740296  -0.0006486714   0.0000517402  -0.0001575320   0.0000649310
        0.0000257851   0.0000639101  -0.0000008533  -0.0000291979   0.0000061662
       -0.0000116963  -0.0000225202  -0.0000466452   0.0000332415
       -0.0242585861  -0.0294364233   0.5262081776  -0.0139245085  -0.0548847668
       -0.1005829746   0.0001999157  -0.0015775220   0.0005105781  -0.0013209769
        0.0029215601  -0.0012038446   0.0035234334   0.0108540376   0.0072051320
        0.0000583757  -0.0000803833  -0.0000427159  -0.0000414420   0.0000980101
       -0.0000128303  -0.0263373798   0.0000261542  -0.0735934760  -0.0043460265
       -0.0243963259  -0.0170747065  -0.0034471721  -0.0071202343  -0.0040280082
       -0.0176871748   0.0042312240  -0.0061015472   0.0245873201  -0.0003388304
        0.0043335895  -0.0168170550  -0.0017549922  -0.0043538407  -0.0000822936
        0.0012649821   0.0009530944  -0.0005740771   0.0041365944  -0.0010099101
        0.1030919087  -0.0095330625  -0.2107354585  -0.0221251398   0.1054543318
       -0.1209626664   0.0000147986   0.0000379288   0.0000425098  -0.0006842264
        0.0004290936   0.0002495725   0.0001026016  -0.0003909457   0.0002953071
       -0.0000429689   0.0000095794   0.0000122445   0.0000264246  -0.0000181903
       -0.0000301242   0.0000842492   0.0000681804  -0.0000781021
       -0.0734229856  -0.0266238182  -0.0139245085   0.5402844930  -0.0036270342
       -0.0114174378  -0.0120974953   0.0229476882  -0.0180168909   0.0003472341
        0.0000012173   0.0002854627  -0.0707740537   0.0206054315  -0.0129548851
       -0.0061744702   0.0011395862  -0.0024988730   0.0008387216   0.0005714695
       -0.0008761577  -0.0139019701  -0.0241239654  -0.0159438474  -0.1103652525
        0.0073423646   0.1006687227  -0.2617082817   0.0042025175  -0.0456803957
        0.0024228571  -0.0000885237   0.0007812815   0.0008260252  -0.0006344911
       -0.0007856226  -0.0061917066  -0.0009012870  -0.0023975013   0.0028962331
       -0.0117926109   0.0095858058   0.0017380676  -0.0048178378   0.0032953655
        0.0035483426   0.0123538227   0.0080094832   0.0016190237   0.0034073432
        0.0020382298  -0.0000511357   0.0000051901   0.0000202725   0.0001286056
        0.0002172483  -0.0001295181   0.0000366443  -0.0001729354  -0.0000541553
       -0.0000684408  -0.0000205425   0.0000208656  -0.0000108422  -0.0000163211
       -0.0000398179   0.0000803866   0.0000254883   0.0000141219
       -0.0253949335  -0.1567596560  -0.0548847668  -0.0036270342   0.4483976039
        0.0029401932   0.0074844134  -0.0034105822   0.0046908882   0.0000210835
        0.0000712816   0.0000033455   0.0193526684  -0.1473458049   0.0603378643
        0.0001080985   0.0011468913  -0.0001005094  -0.0005000032   0.0003630652
       -0.0000675721  -0.0076169311  -0.0026872443  -0.0039017121   0.0072931621
       -0.0424757239  -0.0112577266   0.0042394572  -0.0403978391   0.0006918948
       -0.0000073966  -0.0005430529   0.0001079989   0.0005743896   0.0004427868
        0.0001713175   0.0001734260   0.0011860064   0.0001413595  -0.0002793699
       -0.0013843327   0.0034401577   0.0045024644  -0.0258182093   0.0148650594
       -0.0005070979  -0.0049892491  -0.0055303400  -0.0058441253  -0.0259311836
       -0.0116119767   0.0000083885   0.0001218545  -0.0000058030  -0.0001062939
        0.0001932448  -0.0001732664   0.0001098160  -0.0003470343   0.0001303446
        0.0000003376   0.0001014062  -0.0000179678   0.0000136043   0.0000289881
        0.0000148493   0.0000018761   0.0000367834   0.0000163679
       -0.0140170972  -0.0558226052  -0.1005829746  -0.0114174378   0.0029401932
        0.5029549371  -0.0075826670   0.0078684911  -0.0064158331   0.0003374242
        0.0000186037   0.0003383288  -0.0128949070   0.0613137854  -0.1124837485
       -0.0014023986   0.0000428213   0.0002145899   0.0010082908  -0.0007028856
        0.0009347546  -0.0073640215  -0.0076670577  -0.0052271939   0.1009872769
       -0.0113559796  -0.2033643353  -0.0459762202   0.0006918484  -0.0542869963
        0.0008322397  -0.0001056853  -0.0001137261   0.0009667097   0.0006613205
        0.0008252655  -0.0014744333  -0.0000629111   0.0001724063  -0.0033036632
        0.0222114067  -0.0202843354   0.0022394675  -0.0101204179   0.0071314620
       -0.0045838240  -0.0235230164  -0.0172648408   0.0034892744   0.0135176517
        0.0072034176   0.0000767579  -0.0000016944   0.0000469717   0.0001709536
        0.0001362301   0.0002817737  -0.0001834356   0.0001583225  -0.0001913761
        0.0000245363  -0.0001049096   0.0000241930  -0.0000214027  -0.0000479221
        0.0000802327   0.0000885771  -0.0000455896   0.0000070271
       -0.0000485901  -0.0010146263   0.0001999157  -0.0120974953   0.0074844134
       -0.0075826670   0.4794303350  -0.0172196693  -0.0258406685  -0.0144885567
       -0.0262459210  -0.0146378070  -0.1903025853   0.0014470333  -0.0257450962
       -0.0509103479   0.0357952937  -0.0241933192  -0.1104152611   0.0086882317
        0.1036642674   0.0028425854   0.0033993457   0.0023542572   0.0010111975
       -0.0006917789   0.0007375758   0.0005262011   0.0013285053  -0.0006618897
       -0.0747955545  -0.0258490076  -0.0159271683   0.0001828921  -0.0002515447
        0.0000333112   0.0004969246   0.0016200107  -0.0002452072  -0.0233808943
        0.0010826729  -0.0007819016  -0.0128404806  -0.0020852775  -0.0040319538
       -0.0000307129   0.0001480357   0.0000786375   0.0001060620  -0.0001990049
        0.0001294050  -0.0001524364  -0.0000318993   0.0002276791   0.0043541279
        0.0124892738   0.0115392609   0.0005461692   0.0004580061   0.0005464336
        0.0000874276  -0.0001450791  -0.0004291596   0.0001287334  -0.0000105318
        0.0001458704  -0.0002497407  -0.0001964820   0.0004202244
       -0.0012388572   0.0022698098  -0.0015775220   0.0229476882  -0.0034105822
        0.0078684911  -0.0172196693   0.4826407610  -0.0367238683  -0.0028542647
       -0.0035227485  -0.0028896673   0.0047789586  -0.0653276594   0.0007391182
        0.0356026602  -0.1846056194   0.1038266501   0.0089898307  -0.0442880457
       -0.0116885246  -0.0052326597  -0.0300703763  -0.0060341109   0.0003087805
        0.0005575534  -0.0005442379   0.0022931252  -0.0037010242   0.0032137339
       -0.0296170188  -0.1428660558  -0.0386709263   0.0000910077   0.0000938917
       -0.0007281635   0.0011465922  -0.0043444647   0.0022910578   0.0021362438
        0.0006992006   0.0003907748  -0.0255032273  -0.0012001581  -0.0068754395
        0.0001652631  -0.0001517683  -0.0000884753  -0.0002096786   0.0004209268
       -0.0000755239   0.0001435797   0.0001610321  -0.0000388214   0.0032667863
       -0.0041084503  -0.0128114592   0.0002208197   0.0006384563  -0.0001242344
       -0.0003252401   0.0003609031   0.0001965073   0.0000660713  -0.0001108622
        0.0002683396   0.0000432086  -0.0001347197   0.0000763017
        0.0003594347  -0.0013104420   0.0005105781  -0.0180168909   0.0046908882
       -0.0064158331  -0.0258406685  -0.0367238683   0.5120222653  -0.0053024425
       -0.0076742322  -0.0026954165  -0.0248295359  -0.0007025504  -0.0734561621
       -0.0243382038   0.1041691345  -0.1189178564   0.1046179502  -0.0108215953
       -0.2021040032   0.0037440256   0.0097941379   0.0059387447  -0.0011736434
       -0.0000282526   0.0005513496  -0.0016178638   0.0033631606  -0.0017093278
       -0.0173369551  -0.0376135518  -0.0804991150  -0.0000734450   0.0007078446
        0.0003406534  -0.0006711685   0.0038344429  -0.0012605087   0.0249268002
       -0.0004409079   0.0045553127  -0.0169673033  -0.0017284780  -0.0039862630
       -0.0000469457   0.0002189079  -0.0000189417   0.0000277024  -0.0000796115
        0.0000048763  -0.0000113989   0.0000057604   0.0000462655   0.0028974927
       -0.0287584670  -0.0319447970   0.0000517891  -0.0008459063   0.0002182015
       -0.0000896772  -0.0000119151  -0.0008125262  -0.0001586653   0.0000446520
       -0.0001325066  -0.0001503872  -0.0000891508  -0.0002349899
        0.0006822902   0.0022952041  -0.0013209769   0.0003472341   0.0000210835
        0.0003374242  -0.0144885567  -0.0028542647  -0.0053024425   0.2770265564
       -0.0057695328   0.0285910011   0.0003569377  -0.0030995039  -0.0015991058
        0.0000682048   0.0000716892   0.0004883320   0.0004499309   0.0003555499
       -0.0001526418  -0.0102530900   0.0024493749  -0.0036937025   0.0000307624
       -0.0000156990  -0.0001057950   0.0000339320   0.0000017130   0.0000407747
       -0.2250643539   0.0022613446  -0.0361385786   0.0005033175  -0.0003832999
       -0.0001362396   0.0000653502   0.0000906423   0.0003930838   0.0003965534
        0.0001171072   0.0000923285  -0.0010605702  -0.0001838282  -0.0003829633
        0.0003617585  -0.0001466757   0.0000853471  -0.0007511881   0.0001290971
       -0.0003082398  -0.0004366094   0.0000918868   0.0003801108  -0.0320614958
        0.0043874376   0.0197361234   0.0031116080   0.0012056210  -0.0019140751
       -0.0003656836  -0.0002227704  -0.0000017750   0.0003159310  -0.0000776478
       -0.0005485927   0.0007311806  -0.0007245286   0.0014606031
        0.0010725195  -0.0035926267   0.0029215601   0.0000012173   0.0000712816
        0.0000186037  -0.0262459210  -0.0035227485  -0.0076742322  -0.0057695328
        0.0541654022   0.0007523439  -0.0014129893  -0.0041141564  -0.0027729447
       -0.0002745321   0.0003962547   0.0001974392  -0.0001431776   0.0005350385
        0.0001979821   0.0243676822  -0.0036125958   0.0071602551  -0.0000015198
       -0.0001012900   0.0000104192  -0.0000071907  -0.0000156894  -0.0000111477
        0.0031149138  -0.0425596915   0.0005465630   0.0000987584   0.0005949316
       -0.0003015110   0.0003543860   0.0003236509  -0.0001940541   0.0002305531
       -0.0001136321   0.0000258839  -0.0014921726  -0.0002782513  -0.0004780122
       -0.0002647240  -0.0000655114  -0.0000470109   0.0013077564  -0.0002716364
        0.0004547665   0.0000973167  -0.0001726216  -0.0000877090   0.0071797138
        0.0017285524  -0.0008421275  -0.0020650005   0.0008583768   0.0000781046
       -0.0001670345  -0.0002186716   0.0000167156   0.0000566188  -0.0001395123
        0.0000834304  -0.0000376411   0.0001051461  -0.0000553178
       -0.0006435941   0.0032232079  -0.0012038446   0.0002854627   0.0000033455
        0.0003383288  -0.0146378070  -0.0028896673  -0.0026954165   0.0285910011
        0.0007523439   0.0654603052  -0.0006972679  -0.0029155326  -0.0006301118
        0.0002537268   0.0004073864   0.0002154972  -0.0005893313  -0.0001142660
       -0.0003146331  -0.0167477117   0.0036197798  -0.0038740846   0.0000228992
        0.0000062409  -0.0000360704   0.0000760799  -0.0000002985  -0.0000136735
       -0.0322272314   0.0011759898  -0.0458604009  -0.0006851642   0.0001109556
       -0.0002551702   0.0002281611  -0.0004859976   0.0002947152   0.0001117225
       -0.0000154513  -0.0001863650  -0.0008440255  -0.0000691068  -0.0003177169
        0.0000900095  -0.0000179930  -0.0001784085  -0.0009485096   0.0001085027
       -0.0003487964   0.0001980838  -0.0000604682  -0.0002537695   0.0351321584
       -0.0013855552  -0.0123845626   0.0053113055  -0.0011421056   0.0017581368
       -0.0004438260  -0.0000347909  -0.0001593727  -0.0001065309  -0.0000795790
        0.0003452994  -0.0017296109  -0.0001969405   0.0003001146
        0.0020062079  -0.0045798116   0.0035234334  -0.0707740537   0.0193526684
       -0.0128949070  -0.1903025853   0.0047789586  -0.0248295359   0.0003569377
       -0.0014129893  -0.0006972679   0.4700529647   0.0130757376  -0.0228044469
       -0.0099575109   0.0020001049  -0.0035114176  -0.0228616610   0.0002888896
       -0.0009416173   0.0000719653   0.0013988817   0.0002713547   0.0026311393
       -0.0117074211   0.0098389741  -0.0090506675   0.0241696542  -0.0182829769
       -0.0134135286  -0.0088302125  -0.0087906626  -0.0000297380  -0.0001069176
        0.0001393006   0.0001564891   0.0003017232   0.0000806876  -0.1054394296
        0.0073055254   0.1027557074  -0.0539439689  -0.0451968989  -0.0247248761
        0.0001890712   0.0005185955  -0.0000550371   0.0003972203  -0.0017680921
       -0.0004480139   0.0000549800  -0.0000214974   0.0000524195  -0.0000426608
        0.0001472413   0.0012442072  -0.0002621731   0.0004697458   0.0000370523
        0.0001001140  -0.0001004190  -0.0001144982   0.0000159185  -0.0000094834
        0.0000860637   0.0000449694  -0.0000739835   0.0000660570
        0.0028552022  -0.0320371549   0.0108540376   0.0206054315  -0.1473458049
        0.0613137854   0.0014470333  -0.0653276594  -0.0007025504  -0.0030995039
       -0.0041141564  -0.0029155326   0.0130757376   0.5044992760   0.0327951378
        0.0234924595  -0.0021210048   0.0066409002   0.0024495711   0.0005562063
        0.0005190654   0.0011894586   0.0023065167   0.0010905007  -0.0008221040
       -0.0015578887   0.0034048538   0.0024180511  -0.0030691715   0.0030953791
       -0.0236004123  -0.0018907231  -0.0066459427  -0.0002057968  -0.0001657490
       -0.0000059880   0.0002106410   0.0004367546   0.0000701309   0.0067670700
       -0.0451617641  -0.0137747516  -0.0449431971  -0.2017860550  -0.0951414101
       -0.0001056800   0.0008872824   0.0009208556  -0.0016012706  -0.0049953031
       -0.0022708122   0.0000512148   0.0000594215  -0.0000509165  -0.0004207048
        0.0010968720   0.0004525180   0.0002343485  -0.0004593995   0.0002856914
        0.0000482187   0.0001521320  -0.0000189410  -0.0000037859   0.0000713184
        0.0000406284  -0.0000419824  -0.0000339454   0.0000433610
        0.0026312984  -0.0069499305   0.0072051320  -0.0129548851   0.0603378643
       -0.1124837485  -0.0257450962   0.0007391182  -0.0734561621  -0.0015991058
       -0.0027729447  -0.0006301118  -0.0228044469   0.0327951378   0.5160018441
       -0.0188533089   0.0024723573  -0.0050304264   0.0246104893  -0.0005570586
        0.0042433600   0.0001865796   0.0013153470   0.0002356735  -0.0028738918
        0.0231008534  -0.0200222308  -0.0032393523   0.0071430398  -0.0050412223
       -0.0156341561  -0.0036708971  -0.0050037313  -0.0000251205  -0.0000802208
       -0.0000194292   0.0000404202   0.0000293147  -0.0000365891   0.1021020777
       -0.0142861946  -0.2076205244  -0.0245289317  -0.0949266015  -0.0996158321
       -0.0001439233  -0.0012786766   0.0009732988  -0.0006717245  -0.0036617845
       -0.0003415949  -0.0000108558  -0.0000389828   0.0000591850  -0.0005089116
        0.0004144091   0.0005120329   0.0001411581  -0.0001356474   0.0001009090
       -0.0001623630   0.0000008201   0.0000412257  -0.0000318765  -0.0000620432
       -0.0000364261   0.0000759269   0.0000727206  -0.0000346320
        0.0001256892  -0.0001768918   0.0000583757  -0.0061744702   0.0001080985
       -0.0014023986  -0.0509103479   0.0356026602  -0.0243382038   0.0000682048
       -0.0002745321   0.0002537268  -0.0099575109   0.0234924595  -0.0188533089
        0.0609803235  -0.0402023553   0.0306061189   0.0030210782  -0.0128012507
        0.0114348442   0.0003617355  -0.0014757946  -0.0007719121  -0.0001020810
       -0.0001820658   0.0000786976  -0.0007176112   0.0014228664  -0.0011214960
        0.0020809743  -0.0061770964   0.0041040629  -0.0000427888   0.0001086821
       -0.0001622916   0.0000785221  -0.0004556834   0.0000743026   0.0005763363
        0.0003894972  -0.0001118488   0.0005665516   0.0001399519  -0.0000973503
       -0.0000713432  -0.0000178587  -0.0000341125  -0.0000024919  -0.0000306196
        0.0000085409   0.0000810482   0.0000616234  -0.0001104613  -0.0004406156
        0.0005430894   0.0001736636   0.0003597695   0.0002210218  -0.0000414159
        0.0004314894  -0.0000407483   0.0002789539  -0.0000811238  -0.0000406496
        0.0000287931  -0.0002313381  -0.0002144041  -0.0000552803
       -0.0002957407   0.0004733318  -0.0000803833   0.0011395862   0.0011468913
        0.0000428213   0.0357952937  -0.1846056194   0.1041691345   0.0000716892
        0.0003962547   0.0004073864   0.0020001049  -0.0021210048   0.0024723573
       -0.0402023553   0.2156427380  -0.1210945334  -0.0005165048  -0.0002922826
        0.0025919740  -0.0019788847  -0.0047568853  -0.0034224175  -0.0000390371
       -0.0000081641  -0.0001195498   0.0001041423  -0.0003367207   0.0001652395
        0.0034662599  -0.0266505938   0.0141201622   0.0000114470   0.0001684193
       -0.0002273708   0.0003456209  -0.0016758314   0.0007533476   0.0000721079
       -0.0000299638  -0.0001349795  -0.0001754764   0.0005304502  -0.0000854164
       -0.0000144058  -0.0000542417  -0.0000281859  -0.0000430244   0.0000504226
       -0.0000312922  -0.0000310052  -0.0000200764  -0.0000298818   0.0004611657
        0.0014247574   0.0009474248  -0.0001704097  -0.0002201305   0.0003607566
        0.0003135043   0.0008139220  -0.0007680331  -0.0001138092   0.0001952584
        0.0001122682  -0.0002002689  -0.0000709313  -0.0001208287
        0.0000940117  -0.0001249038  -0.0000427159  -0.0024988730  -0.0001005094
        0.0002145899  -0.0241933192   0.1038266501  -0.1189178564   0.0004883320
        0.0001974392   0.0002154972  -0.0035114176   0.0066409002  -0.0050304264
        0.0306061189  -0.1210945334   0.1390099903  -0.0024584911   0.0238954597
       -0.0214848693  -0.0002875134  -0.0021774164  -0.0005806198   0.0000153201
       -0.0002096568   0.0002961328  -0.0004090927   0.0005706409  -0.0002781424
        0.0021530990  -0.0102103619   0.0076468864  -0.0001228775  -0.0001210034
        0.0000249158   0.0000111581  -0.0005641889   0.0003296308   0.0004092612
       -0.0002373511   0.0005078666  -0.0000656990  -0.0000214000  -0.0002681937
       -0.0000239756  -0.0000255202  -0.0000114113   0.0000155640  -0.0000305376
        0.0000022126  -0.0000128930  -0.0000705038   0.0000083393  -0.0005063449
        0.0010984603   0.0006608778   0.0000231111  -0.0012151319  -0.0008400376
        0.0002623622  -0.0001853777  -0.0016272369   0.0001033081   0.0001658351
        0.0001090508  -0.0000911494  -0.0000069889   0.0000555196
       -0.0000080229   0.0002159453  -0.0000414420   0.0008387216  -0.0005000032
        0.0010082908  -0.1104152611   0.0089898307   0.1046179502   0.0004499309
       -0.0001431776  -0.0005893313  -0.0228616610   0.0024495711   0.0246104893
        0.0030210782  -0.0005165048  -0.0024584911   0.1322218499  -0.0086009258
       -0.1202817589   0.0002306464  -0.0000849358  -0.0000359861  -0.0000149545
        0.0003797782  -0.0007452678   0.0003305025  -0.0002446661  -0.0000280720
        0.0029030615  -0.0006849893  -0.0040574248   0.0002836794   0.0000649030
       -0.0000845781  -0.0000356071  -0.0000030178  -0.0001360621  -0.0073805887
        0.0001355900  -0.0010546450   0.0006349934  -0.0000725851   0.0004174976
       -0.0000549566  -0.0001689265  -0.0001084970  -0.0000517540   0.0000001667
       -0.0000437446  -0.0006401670  -0.0000257932   0.0000807450   0.0006128580
       -0.0012362592  -0.0009918266  -0.0000014924   0.0000369166  -0.0001728181
       -0.0000820368   0.0000442248   0.0000954379  -0.0000276908  -0.0000397341
       -0.0000055067   0.0000468711   0.0000045919   0.0000050417
        0.0001249503  -0.0001924602   0.0000980101   0.0005714695   0.0003630652
       -0.0007028856   0.0086882317  -0.0442880457  -0.0108215953   0.0003555499
        0.0005350385  -0.0001142660   0.0002888896   0.0005562063  -0.0005570586
       -0.0128012507  -0.0002922826   0.0238954597  -0.0086009258   0.0520753579
        0.0145777395   0.0003877777   0.0002656017  -0.0007340821   0.0002364940
        0.0000547886   0.0002711349  -0.0000966917  -0.0001070933   0.0000732609
        0.0115543103  -0.0033158480  -0.0208070080  -0.0001955091  -0.0008963610
        0.0001831066  -0.0001035854   0.0002032493   0.0000883367   0.0001368075
        0.0006727829  -0.0002371013  -0.0004884724   0.0000151220   0.0003138193
       -0.0001743264  -0.0000119751   0.0000228262  -0.0000273932  -0.0000517646
       -0.0000187616   0.0000291817  -0.0001722310  -0.0000203734   0.0002339146
       -0.0055706120  -0.0056269077  -0.0001464993  -0.0001449168   0.0002169771
        0.0000606994   0.0001021476  -0.0000387188  -0.0000405889   0.0001644206
       -0.0000609343   0.0000069666   0.0000358096  -0.0000009783
        0.0001505043  -0.0000357652  -0.0000128303  -0.0008761577  -0.0000675721
        0.0009347546   0.1036642674  -0.0116885246  -0.2021040032  -0.0001526418
        0.0001979821  -0.0003146331  -0.0009416173   0.0005190654   0.0042433600
        0.0114348442   0.0025919740  -0.0214848693  -0.1202817589   0.0145777395
        0.2355808115   0.0001317493   0.0008438527   0.0003579433  -0.0000102516
       -0.0001246456   0.0001261832  -0.0000725626   0.0000115987  -0.0000292792
        0.0082859160  -0.0028516325  -0.0149666852  -0.0000905065  -0.0000272626
        0.0004675929  -0.0001422664   0.0002448065  -0.0000137306  -0.0008279324
        0.0002952034   0.0006102234  -0.0000467631   0.0002364152   0.0005212168
       -0.0000837066   0.0000476844  -0.0000803618  -0.0000359275  -0.0000470054
        0.0000041655   0.0002481291   0.0000424719  -0.0001503286  -0.0006425823
       -0.0041975842  -0.0042940921   0.0003664261  -0.0006979802   0.0001602758
        0.0000225090   0.0001186384   0.0004247539  -0.0000480583   0.0000611479
        0.0000346208  -0.0000516123  -0.0000506077  -0.0000150883
       -0.1906387199   0.0028991353  -0.0263373798  -0.0139019701  -0.0076169311
       -0.0073640215   0.0028425854  -0.0052326597   0.0037440256  -0.0102530900
        0.0243676822  -0.0167477117   0.0000719653   0.0011894586   0.0001865796
        0.0003617355  -0.0019788847  -0.0002875134   0.0002306464   0.0003877777
        0.0001317493   0.4795242275   0.0139048787  -0.0239494633   0.0010258469
        0.0007090820   0.0006705173   0.0003210388  -0.0016433703  -0.0007122215
       -0.0734037178   0.0207578436  -0.0161821038  -0.1121183186   0.0035714262
        0.1050692070  -0.0540495530  -0.0432314775  -0.0263847423  -0.0000618852
       -0.0001449068   0.0000879946   0.0001392831   0.0002573085   0.0001201451
       -0.0236740600   0.0003502661  -0.0009679779  -0.0108695989   0.0022466939
       -0.0038331455  -0.0001522110   0.0001006370   0.0002021282   0.0051205540
       -0.0102696437   0.0098201532  -0.0011055207  -0.0004081629   0.0023260110
        0.0000807690  -0.0000516074   0.0000627670   0.0003686147  -0.0002966165
        0.0004304508   0.0001413786   0.0001320707  -0.0000854481
       -0.0000179877  -0.0652680576   0.0000261542  -0.0241239654  -0.0026872443
       -0.0076670577   0.0033993457  -0.0300703763   0.0097941379   0.0024493749
       -0.0036125958   0.0036197798   0.0013988817   0.0023065167   0.0013153470
       -0.0014757946  -0.0047568853  -0.0021774164  -0.0000849358   0.0002656017
        0.0008438527   0.0139048787   0.4908111131   0.0376138324  -0.0004165302
        0.0006368623   0.0005300515  -0.0027508118  -0.0041514871  -0.0029556105
        0.0240779772  -0.1426907278   0.0525045986   0.0031856922  -0.0443193350
       -0.0067470228  -0.0432234013  -0.1965612213  -0.0997934350  -0.0001956952
       -0.0001352326   0.0000785897   0.0002278945   0.0003897228   0.0000300449
        0.0017604714   0.0006831086   0.0001536660   0.0240584342  -0.0018837641
        0.0068767010  -0.0000719003   0.0001578243  -0.0000045256  -0.0022250297
        0.0008293181   0.0065526991   0.0003122718  -0.0001045440  -0.0003816268
       -0.0000090567   0.0000952328   0.0000164851   0.0000395978   0.0000322121
       -0.0002484717  -0.0002197113   0.0000339589   0.0000192265
       -0.0252323104   0.0009994578  -0.0735934760  -0.0159438474  -0.0039017121
       -0.0052271939   0.0023542572  -0.0060341109   0.0059387447  -0.0036937025
        0.0071602551  -0.0038740846   0.0002713547   0.0010905007   0.0002356735
       -0.0007719121  -0.0034224175  -0.0005806198  -0.0000359861  -0.0007340821
        0.0003579433  -0.0239494633   0.0376138324   0.5170703787  -0.0010805698
        0.0001178929   0.0004919251  -0.0015397007  -0.0030371710  -0.0010595948
       -0.0155820493   0.0487553269  -0.0939223554   0.1058795703  -0.0083463544
       -0.2009213569  -0.0263621516  -0.0989588363  -0.1070769140   0.0000149381
       -0.0001513864   0.0000219412   0.0000108154   0.0000229437  -0.0000287944
        0.0248080024  -0.0006108745   0.0044698130  -0.0190306808   0.0024353403
       -0.0049711864  -0.0000005608  -0.0000004553   0.0000533741  -0.0037020296
        0.0254472760  -0.0313681996   0.0037534255   0.0007615888  -0.0046185254
       -0.0001468201   0.0001557675  -0.0005230343  -0.0003215156   0.0008196529
       -0.0010600589   0.0003009366  -0.0001824345   0.0001856008
        0.0034297953   0.0001003454  -0.0043460265  -0.1103652525   0.0072931621
        0.1009872769   0.0010111975   0.0003087805  -0.0011736434   0.0000307624
       -0.0000015198   0.0000228992   0.0026311393  -0.0008221040  -0.0028738918
       -0.0001020810  -0.0000390371   0.0000153201  -0.0000149545   0.0002364940
       -0.0000102516   0.0010258469  -0.0004165302  -0.0010805698   0.1244935683
       -0.0082322917  -0.1174731367  -0.0230294201   0.0021146093   0.0274777069
       -0.0001298148  -0.0000160341  -0.0000442379  -0.0000269694  -0.0002156837
        0.0000451401  -0.0000886828   0.0000431409   0.0000222934   0.0005519067
        0.0004882281  -0.0008175020  -0.0000173077  -0.0004018087   0.0000663389
        0.0004458101  -0.0008667787  -0.0009837277   0.0000421901   0.0004108264
       -0.0000036668   0.0000863699  -0.0000098003  -0.0000081530   0.0000859569
       -0.0000430781   0.0002897856  -0.0000989588   0.0001132784  -0.0001459036
        0.0000014657  -0.0000299921   0.0000101917  -0.0000110083  -0.0000117037
        0.0000251385   0.0000484407  -0.0000025030  -0.0000013804
        0.0122948457  -0.0052248285  -0.0243963259   0.0073423646  -0.0424757239
       -0.0113559796  -0.0006917789   0.0005575534  -0.0000282526  -0.0000156990
       -0.0001012900   0.0000062409  -0.0117074211  -0.0015578887   0.0231008534
       -0.0001820658  -0.0000081641  -0.0002096568   0.0003797782   0.0000547886
       -0.0001246456   0.0007090820   0.0006368623   0.0001178929  -0.0082322917
        0.0546780957   0.0130043837   0.0006957011   0.0010702455  -0.0007064756
       -0.0000271433   0.0000499038  -0.0000333886  -0.0004494515   0.0000748076
        0.0001337811   0.0001866760   0.0000151438   0.0002350727   0.0009375105
       -0.0038850343   0.0039329505  -0.0004473499   0.0003292506   0.0002506736
       -0.0012437587  -0.0045434296  -0.0036316822   0.0004660208   0.0004012694
       -0.0002960969  -0.0000105284  -0.0000896347  -0.0000050211   0.0001033117
       -0.0000935827   0.0000575865  -0.0000653234   0.0000810994  -0.0000192569
       -0.0000416114   0.0000190975  -0.0000212126   0.0000021367  -0.0000059878
        0.0000028072  -0.0000030043   0.0000174466  -0.0000142481
        0.0083409937  -0.0055646543  -0.0170747065   0.1006687227  -0.0112577266
       -0.2033643353   0.0007375758  -0.0005442379   0.0005513496  -0.0001057950
        0.0000104192  -0.0000360704   0.0098389741   0.0034048538  -0.0200222308
        0.0000786976  -0.0001195498   0.0002961328  -0.0007452678   0.0002711349
        0.0001261832   0.0006705173   0.0005300515   0.0004919251  -0.1174731367
        0.0130043837   0.2391304620  -0.0004173386   0.0001247985   0.0033169599
        0.0000011093   0.0000298104  -0.0003746412  -0.0006771140  -0.0002067946
        0.0001428719   0.0000723853   0.0001331253   0.0002632419  -0.0004650590
        0.0039957905  -0.0027573264   0.0001110027  -0.0003033486   0.0005658169
       -0.0005602637  -0.0037492637  -0.0019086240   0.0000649862   0.0002914891
        0.0005934078   0.0000222466  -0.0000108993  -0.0000691521  -0.0002499392
        0.0000296340  -0.0000539568   0.0000517595  -0.0000804887   0.0001252064
        0.0000658231   0.0000266047   0.0000164575   0.0000347778   0.0000092706
        0.0000306842  -0.0000656577  -0.0000244028   0.0000103445
       -0.0105929969  -0.0023755401  -0.0034471721  -0.2617082817   0.0042394572
       -0.0459762202   0.0005262011   0.0022931252  -0.0016178638   0.0000339320
       -0.0000071907   0.0000760799  -0.0090506675   0.0024180511  -0.0032393523
       -0.0007176112   0.0001041423  -0.0004090927   0.0003305025  -0.0000966917
       -0.0000725626   0.0003210388  -0.0027508118  -0.0015397007  -0.0230294201
        0.0006957011  -0.0004173386   0.3030941917  -0.0045991568   0.0561850975
        0.0002696376   0.0000555567   0.0005094161   0.0003376292   0.0000722841
       -0.0000730294  -0.0008206840  -0.0001057757  -0.0004155934   0.0004069128
       -0.0003303853  -0.0000358357   0.0000958028   0.0002097645   0.0003243359
        0.0003981517   0.0003246074  -0.0000519555   0.0000733675  -0.0001539031
        0.0003445167  -0.0000670917   0.0000091384   0.0000170218   0.0000370715
        0.0001319821  -0.0002679399   0.0000915729  -0.0001837169   0.0001051308
       -0.0000204029   0.0000469671   0.0000360229   0.0000192329  -0.0000208195
       -0.0000501995  -0.0000280891   0.0000232142   0.0000162347
       -0.0254749406  -0.0024119110  -0.0071202343   0.0042025175  -0.0403978391
        0.0006918484   0.0013285053  -0.0037010242   0.0033631606   0.0000017130
       -0.0000156894  -0.0000002985   0.0241696542  -0.0030691715   0.0071430398
        0.0014228664  -0.0003367207   0.0005706409  -0.0002446661  -0.0001070933
        0.0000115987  -0.0016433703  -0.0041514871  -0.0030371710   0.0021146093
        0.0010702455   0.0001247985  -0.0045991568   0.0518693725  -0.0011590566
        0.0000112450  -0.0001569883  -0.0000472326   0.0002084637  -0.0001233610
       -0.0000035083  -0.0014992546  -0.0002916346  -0.0005388319   0.0000383078
        0.0005537330  -0.0003428099   0.0004416992   0.0003033857  -0.0001752648
       -0.0001002411   0.0006001864   0.0002970588  -0.0003791727   0.0003715902
        0.0001608206  -0.0000127274  -0.0000321694   0.0000028618   0.0000864853
       -0.0000719341   0.0001238789  -0.0000651372   0.0000941530  -0.0000134219
        0.0000124600   0.0000070260  -0.0000342446  -0.0000055106   0.0000145969
        0.0000026745  -0.0000143494  -0.0000172654  -0.0000203071
       -0.0158750633  -0.0022721666  -0.0040280082  -0.0456803957   0.0006918948
       -0.0542869963  -0.0006618897   0.0032137339  -0.0017093278   0.0000407747
       -0.0000111477  -0.0000136735  -0.0182829769   0.0030953791  -0.0050412223
       -0.0011214960   0.0001652395  -0.0002781424  -0.0000280720   0.0000732609
       -0.0000292792  -0.0007122215  -0.0029556105  -0.0010595948   0.0274777069
       -0.0007064756   0.0033169599   0.0561850975  -0.0011590566   0.0625007080
        0.0002555182   0.0000449673   0.0002905566  -0.0000729455  -0.0000614234
       -0.0000336779  -0.0009703975  -0.0000908157  -0.0001994013  -0.0005272145
       -0.0001495277   0.0000090304   0.0001856928  -0.0003777039   0.0003554783
       -0.0005124550   0.0001257469  -0.0000213690   0.0002532996   0.0003703013
        0.0002793850  -0.0000111437   0.0000022013  -0.0000291546   0.0000526999
        0.0000475543  -0.0000464009   0.0000074217  -0.0000380744  -0.0000286001
       -0.0000186533   0.0000066892   0.0000423367   0.0000076415  -0.0000205195
       -0.0000088187   0.0000090715   0.0000055532   0.0000192123
       -0.0117310687   0.0230116880  -0.0176871748   0.0024228571  -0.0000073966
        0.0008322397  -0.0747955545  -0.0296170188  -0.0173369551  -0.2250643539
        0.0031149138  -0.0322272314  -0.0134135286  -0.0236004123  -0.0156341561
        0.0020809743   0.0034662599   0.0021530990   0.0029030615   0.0115543103
        0.0082859160  -0.0734037178   0.0240779772  -0.0155820493  -0.0001298148
       -0.0000271433   0.0000011093   0.0002696376   0.0000112450   0.0002555182
        0.4929513380  -0.0147615999   0.0291058370   0.0022669033  -0.0120002815
        0.0099886729   0.0021029496  -0.0048128710   0.0031709254   0.0002294541
       -0.0006125411   0.0001954308  -0.0063713045  -0.0007405964  -0.0020337705
        0.0004099146   0.0006358060   0.0001994365  -0.0062900459   0.0009036529
       -0.0021302362   0.0000430703  -0.0000313038  -0.0002765887  -0.1008418803
        0.0261400674   0.0621975436   0.0029661277  -0.0094600950  -0.0053627145
        0.0008365603   0.0005575481   0.0004716151  -0.0001369468   0.0015664003
       -0.0032613468   0.0026953675   0.0006313907  -0.0053251202
        0.0085779483  -0.0027819891   0.0042312240  -0.0000885237  -0.0005430529
       -0.0001056853  -0.0258490076  -0.1428660558  -0.0376135518   0.0022613446
       -0.0425596915   0.0011759898  -0.0088302125  -0.0018907231  -0.0036708971
       -0.0061770964  -0.0266505938  -0.0102103619  -0.0006849893  -0.0033158480
       -0.0028516325   0.0207578436  -0.1426907278   0.0487553269  -0.0000160341
        0.0000499038   0.0000298104   0.0000555567  -0.0001569883   0.0000449673
       -0.0147615999   0.4553417903  -0.0118368064   0.0002495198  -0.0007504155
        0.0013486685   0.0052090539  -0.0280708947   0.0139562758   0.0001286062
        0.0003248224  -0.0002067513   0.0005986556   0.0012846516   0.0003279656
       -0.0000573818   0.0004071586  -0.0000189903  -0.0000295992   0.0010940643
       -0.0002226418  -0.0000175787   0.0000058925   0.0000042336   0.0306226059
       -0.0677636588  -0.0247315195  -0.0121662533   0.0020988366   0.0177303362
       -0.0004955041   0.0001623789   0.0010695839   0.0006884975  -0.0013837859
        0.0025787809   0.0000241485   0.0006549262   0.0002156749
       -0.0087261363   0.0071513911  -0.0061015472   0.0007812815   0.0001079989
       -0.0001137261  -0.0159271683  -0.0386709263  -0.0804991150  -0.0361385786
        0.0005465630  -0.0458604009  -0.0087906626  -0.0066459427  -0.0050037313
        0.0041040629   0.0141201622   0.0076468864  -0.0040574248  -0.0208070080
       -0.0149666852  -0.0161821038   0.0525045986  -0.0939223554  -0.0000442379
       -0.0000333886  -0.0003746412   0.0005094161  -0.0000472326   0.0002905566
        0.0291058370  -0.0118368064   0.4313702775  -0.0028129286   0.0201475610
       -0.0173007545   0.0025774435  -0.0111284696   0.0071178537   0.0011023176
        0.0003789871   0.0000215155  -0.0007233814   0.0000442873   0.0002952850
        0.0011863328  -0.0005235431   0.0002176609  -0.0012651631   0.0000097295
        0.0002487047  -0.0001612667  -0.0000323464   0.0001512858   0.0489036683
       -0.0128892537  -0.1444693542   0.0055888961   0.0069713556  -0.0379762459
       -0.0003644341  -0.0018591749   0.0011045433  -0.0009565219   0.0031383326
       -0.0038113078   0.0022907524  -0.0006468748   0.0019352952
       -0.0230577834   0.0010213252   0.0245873201   0.0008260252   0.0005743896
        0.0009667097   0.0001828921   0.0000910077  -0.0000734450   0.0005033175
        0.0000987584  -0.0006851642  -0.0000297380  -0.0002057968  -0.0000251205
       -0.0000427888   0.0000114470  -0.0001228775   0.0002836794  -0.0001955091
       -0.0000905065  -0.1121183186   0.0031856922   0.1058795703  -0.0000269694
       -0.0004494515  -0.0006771140   0.0003376292   0.0002084637  -0.0000729455
        0.0022669033   0.0002495198  -0.0028129286   0.1338943359  -0.0060738240
       -0.1213792174   0.0036109035   0.0000421455  -0.0035542949  -0.0000382754
        0.0001691169  -0.0001219166  -0.0000610812   0.0000030000  -0.0000431557
       -0.0073780782   0.0001915969  -0.0011507743   0.0007052059   0.0000526864
        0.0004446071  -0.0004716958   0.0001086891   0.0000724609   0.0005940886
        0.0006442048  -0.0007183661   0.0000790142   0.0002774732  -0.0003880561
       -0.0000478296  -0.0000178467  -0.0000165796  -0.0000355488   0.0000122485
       -0.0000478798   0.0000241123   0.0000006630   0.0000296743
        0.0007281676   0.0005406827  -0.0003388304  -0.0006344911   0.0004427868
        0.0006613205  -0.0002515447   0.0000938917   0.0007078446  -0.0003832999
        0.0005949316   0.0001109556  -0.0001069176  -0.0001657490  -0.0000802208
        0.0001086821   0.0001684193  -0.0001210034   0.0000649030  -0.0008963610
       -0.0000272626   0.0035714262  -0.0443193350  -0.0083463544  -0.0002156837
        0.0000748076  -0.0002067946   0.0000722841  -0.0001233610  -0.0000614234
       -0.0120002815  -0.0007504155   0.0201475610  -0.0060738240   0.0510271030
        0.0065591159   0.0135324835  -0.0029696681  -0.0244304158   0.0001587971
       -0.0000521279  -0.0000258096   0.0000302874  -0.0000330628   0.0000242844
        0.0002239630   0.0007678271   0.0001803266   0.0004681607  -0.0000512263
       -0.0002933657   0.0001180901  -0.0001977250  -0.0000359453   0.0012918165
       -0.0039827760   0.0041557232  -0.0007517812  -0.0000771597   0.0012647586
        0.0000053835   0.0000324982  -0.0000017786   0.0000978782  -0.0001850017
        0.0002807093  -0.0000544995   0.0000610209  -0.0001233950
       -0.0010862936  -0.0002000973   0.0043335895  -0.0007856226   0.0001713175
        0.0008252655   0.0000333112  -0.0007281635   0.0003406534  -0.0001362396
       -0.0003015110  -0.0002551702   0.0001393006  -0.0000059880  -0.0000194292
       -0.0001622916  -0.0002273708   0.0000249158  -0.0000845781   0.0001831066
        0.0004675929   0.1050692070  -0.0067470228  -0.2009213569   0.0000451401
        0.0001337811   0.0001428719  -0.0000730294  -0.0000035083  -0.0000336779
        0.0099886729   0.0013486685  -0.0173007545  -0.1213792174   0.0065591159
        0.2344238447   0.0101603898  -0.0042525292  -0.0183974437  -0.0000890450
       -0.0000389213  -0.0000700890  -0.0000329667   0.0000504489  -0.0000147966
       -0.0008379842  -0.0002826623   0.0007344300  -0.0001085444  -0.0001821437
        0.0005987106   0.0002022367  -0.0000962130  -0.0001670110  -0.0017037230
        0.0044853124  -0.0037708712   0.0010291802  -0.0000964757  -0.0007166753
       -0.0000143349   0.0001213259  -0.0000752816  -0.0001240725   0.0001717285
       -0.0002126401  -0.0000494954  -0.0000621982   0.0000633229
       -0.0112211378  -0.0243394573  -0.0168170550  -0.0061917066   0.0001734260
       -0.0014744333   0.0004969246   0.0011465922  -0.0006711685   0.0000653502
        0.0003543860   0.0002281611   0.0001564891   0.0002106410   0.0000404202
        0.0000785221   0.0003456209   0.0000111581  -0.0000356071  -0.0001035854
       -0.0001422664  -0.0540495530  -0.0432234013  -0.0263621516  -0.0000886828
        0.0001866760   0.0000723853  -0.0008206840  -0.0014992546  -0.0009703975
        0.0021029496   0.0052090539   0.0025774435   0.0036109035   0.0135324835
        0.0101603898   0.0652098146   0.0488869010   0.0332611358  -0.0000706404
        0.0000132927  -0.0000275586  -0.0000010882   0.0000349712   0.0000116392
        0.0004466704  -0.0005393784  -0.0001096779   0.0005133999  -0.0001409200
       -0.0000988475   0.0000423492  -0.0000857183  -0.0000728385  -0.0000498442
       -0.0002706883   0.0003920994  -0.0000417359   0.0000361575   0.0000271071
       -0.0000597865   0.0000247729  -0.0000012160  -0.0000049339  -0.0000293656
        0.0000292912  -0.0000879725   0.0000767943  -0.0000636197
       -0.0018053011  -0.0014458823  -0.0017549922  -0.0009012870   0.0011860064
       -0.0000629111   0.0016200107  -0.0043444647   0.0038344429   0.0000906423
        0.0003236509  -0.0004859976   0.0003017232   0.0004367546   0.0000293147
       -0.0004556834  -0.0016758314  -0.0005641889  -0.0000030178   0.0002032493
        0.0002448065  -0.0432314775  -0.1965612213  -0.0989588363   0.0000431409
        0.0000151438   0.0001331253  -0.0001057757  -0.0002916346  -0.0000908157
       -0.0048128710  -0.0280708947  -0.0111284696   0.0000421455  -0.0029696681
       -0.0042525292   0.0488869010   0.2306413416   0.1140451518   0.0000069740
       -0.0000461818   0.0000405715   0.0000426179   0.0000617856   0.0000315716
       -0.0000736705   0.0000510481   0.0001943793   0.0001762921   0.0004636402
        0.0000343360   0.0000311362  -0.0000203944   0.0000314028   0.0004583024
        0.0017462545  -0.0006209282  -0.0002933887   0.0000608676  -0.0003926687
        0.0000446163   0.0001669116  -0.0001110601  -0.0000596498   0.0000845551
       -0.0000585194  -0.0000023801  -0.0000150363  -0.0001371853
       -0.0038267382  -0.0068782114  -0.0043538407  -0.0023975013   0.0001413595
        0.0001724063  -0.0002452072   0.0022910578  -0.0012605087   0.0003930838
       -0.0001940541   0.0002947152   0.0000806876   0.0000701309  -0.0000365891
        0.0000743026   0.0007533476   0.0003296308  -0.0001360621   0.0000883367
       -0.0000137306  -0.0263847423  -0.0997934350  -0.1070769140   0.0000222934
        0.0002350727   0.0002632419  -0.0004155934  -0.0005388319  -0.0001994013
        0.0031709254   0.0139562758   0.0071178537  -0.0035542949  -0.0244304158
       -0.0183974437   0.0332611358   0.1140451518   0.1216841719  -0.0000238130
        0.0000204300  -0.0000053571   0.0000112738   0.0000297814   0.0000043116
        0.0004871145   0.0003020354   0.0005037417  -0.0000819941  -0.0000341883
       -0.0002984183   0.0000122229   0.0000568761  -0.0000164829  -0.0003192879
       -0.0003991198   0.0013767354  -0.0001624869   0.0003391501  -0.0001833984
        0.0000035787  -0.0000601610   0.0000292677   0.0000234966  -0.0000071937
        0.0000212096   0.0000076062   0.0000066050   0.0000447990
        0.0001722292   0.0001371265  -0.0000822936   0.0028962331  -0.0002793699
       -0.0033036632  -0.0233808943   0.0021362438   0.0249268002   0.0003965534
        0.0002305531   0.0001117225  -0.1054394296   0.0067670700   0.1021020777
        0.0005763363   0.0000721079   0.0004092612  -0.0073805887   0.0001368075
       -0.0008279324  -0.0000618852  -0.0001956952   0.0000149381   0.0005519067
        0.0009375105  -0.0004650590   0.0004069128   0.0000383078  -0.0005272145
        0.0002294541   0.0001286062   0.0011023176  -0.0000382754   0.0001587971
       -0.0000890450  -0.0000706404   0.0000069740  -0.0000238130   0.1265516897
       -0.0102396480  -0.1184377374   0.0038309662  -0.0002989052  -0.0042460026
        0.0002135808  -0.0002530729   0.0000151384  -0.0000345640   0.0000090283
       -0.0001252189   0.0000079941  -0.0000054878  -0.0000281379   0.0007557953
        0.0003943188  -0.0001501729  -0.0001191164  -0.0001784932  -0.0002926575
       -0.0002591469   0.0002202902  -0.0001550272   0.0000316489   0.0000128599
        0.0000086359   0.0001632401   0.0000640705   0.0000630835
       -0.0004807219   0.0009583808   0.0012649821  -0.0117926109  -0.0013843327
        0.0222114067   0.0010826729   0.0006992006  -0.0004409079   0.0001171072
       -0.0001136321  -0.0000154513   0.0073055254  -0.0451617641  -0.0142861946
        0.0003894972  -0.0000299638  -0.0002373511   0.0001355900   0.0006727829
        0.0002952034  -0.0001449068  -0.0001352326  -0.0001513864   0.0004882281
       -0.0038850343   0.0039957905  -0.0003303853   0.0005537330  -0.0001495277
       -0.0006125411   0.0003248224   0.0003789871   0.0001691169  -0.0000521279
       -0.0000389213   0.0000132927  -0.0000461818   0.0000204300  -0.0102396480
        0.0521606865   0.0124002129   0.0132840573  -0.0041532122  -0.0249843811
        0.0002014566  -0.0006789128  -0.0002215877   0.0001101184   0.0001678396
       -0.0001751148   0.0000156116  -0.0000238473   0.0000165847   0.0002119065
        0.0001046021   0.0002222177  -0.0001251967   0.0003664494  -0.0002902395
        0.0001520389  -0.0001721613   0.0001553602  -0.0000132278  -0.0000517443
       -0.0000114639   0.0000630185  -0.0001203502   0.0000413521
       -0.0000649260  -0.0009583892   0.0009530944   0.0095858058   0.0034401577
       -0.0202843354  -0.0007819016   0.0003907748   0.0045553127   0.0000923285
        0.0000258839  -0.0001863650   0.1027557074  -0.0137747516  -0.2076205244
       -0.0001118488  -0.0001349795   0.0005078666  -0.0010546450  -0.0002371013
        0.0006102234   0.0000879946   0.0000785897   0.0000219412  -0.0008175020
        0.0039329505  -0.0027573264  -0.0000358357  -0.0003428099   0.0000090304
        0.0001954308  -0.0002067513   0.0000215155  -0.0001219166  -0.0000258096
       -0.0000700890  -0.0000275586   0.0000405715  -0.0000053571  -0.1184377374
        0.0124002129   0.2414294606   0.0095094309  -0.0048922201  -0.0179309220
        0.0000090407   0.0003719729   0.0005188056  -0.0001566852  -0.0003111604
        0.0000699740   0.0000567509   0.0000205110   0.0000002846  -0.0004648661
       -0.0000572976   0.0004206178  -0.0001652235   0.0001237798  -0.0001485454
       -0.0001118170   0.0001220455  -0.0000446940   0.0000027036  -0.0000343050
       -0.0000869019   0.0000572705   0.0000281253   0.0000169338
        0.0005862714   0.0012307774  -0.0005740771   0.0017380676   0.0045024644
        0.0022394675  -0.0128404806  -0.0255032273  -0.0169673033  -0.0010605702
       -0.0014921726  -0.0008440255  -0.0539439689  -0.0449431971  -0.0245289317
        0.0005665516  -0.0001754764  -0.0000656990   0.0006349934  -0.0004884724
       -0.0000467631   0.0001392831   0.0002278945   0.0000108154  -0.0000173077
       -0.0004473499   0.0001110027   0.0000958028   0.0004416992   0.0001856928
       -0.0063713045   0.0005986556  -0.0007233814  -0.0000610812   0.0000302874
       -0.0000329667  -0.0000010882   0.0000426179   0.0000112738   0.0038309662
        0.0132840573   0.0095094309   0.0661782436   0.0521952869   0.0319038038
       -0.0000473146  -0.0001065475  -0.0001289625   0.0000716231   0.0003342218
       -0.0000088504   0.0000397196   0.0000244448  -0.0000150512   0.0003607933
        0.0004092567  -0.0001477294   0.0001381334  -0.0001737864   0.0000606622
       -0.0000442880   0.0000154781  -0.0000072499   0.0000073929  -0.0000054770
       -0.0000127048  -0.0000004380  -0.0000014354   0.0000715470
        0.0014022093  -0.0045217347   0.0041365944  -0.0048178378  -0.0258182093
       -0.0101204179  -0.0020852775  -0.0012001581  -0.0017284780  -0.0001838282
       -0.0002782513  -0.0000691068  -0.0451968989  -0.2017860550  -0.0949266015
        0.0001399519   0.0005304502  -0.0000214000  -0.0000725851   0.0000151220
        0.0002364152   0.0002573085   0.0003897228   0.0000229437  -0.0004018087
        0.0003292506  -0.0003033486   0.0002097645   0.0003033857  -0.0003777039
       -0.0007405964   0.0012846516   0.0000442873   0.0000030000  -0.0000330628
        0.0000504489   0.0000349712   0.0000617856   0.0000297814  -0.0002989052
       -0.0041532122  -0.0048922201   0.0521952869   0.2365440881   0.1081637205
       -0.0000004719   0.0002302694   0.0003133585  -0.0004480916  -0.0017956971
       -0.0005501641  -0.0000217661  -0.0000204344   0.0000236417   0.0000227702
       -0.0000085943  -0.0001585907   0.0000888090  -0.0001126001   0.0001872764
       -0.0000203035   0.0000237593  -0.0000470348   0.0000105342   0.0000077373
       -0.0000103730  -0.0000762347   0.0000077867  -0.0000030287
       -0.0004628082   0.0026967110  -0.0010099101   0.0032953655   0.0148650594
        0.0071314620  -0.0040319538  -0.0068754395  -0.0039862630  -0.0003829633
       -0.0004780122  -0.0003177169  -0.0247248761  -0.0951414101  -0.0996158321
       -0.0000973503  -0.0000854164  -0.0002681937   0.0004174976   0.0003138193
        0.0005212168   0.0001201451   0.0000300449  -0.0000287944   0.0000663389
        0.0002506736   0.0005658169   0.0003243359  -0.0001752648   0.0003554783
       -0.0020337705   0.0003279656   0.0002952850  -0.0000431557   0.0000242844
       -0.0000147966   0.0000116392   0.0000315716   0.0000043116  -0.0042460026
       -0.0249843811  -0.0179309220   0.0319038038   0.1081637205   0.1137087660
       -0.0001147740   0.0001706387   0.0000219478   0.0000703698   0.0007833831
        0.0004005627  -0.0000448157   0.0000080362  -0.0000159371  -0.0001183327
        0.0001407220   0.0000354494   0.0001381843  -0.0001451946   0.0001685078
       -0.0000131786  -0.0000004824  -0.0000414040   0.0000224030   0.0000420344
        0.0000092421  -0.0000561015   0.0000369363   0.0000117234
       -0.1050231697   0.0077818231   0.1030919087   0.0035483426  -0.0005070979
       -0.0045838240  -0.0000307129   0.0001652631  -0.0000469457   0.0003617585
       -0.0002647240   0.0000900095   0.0001890712  -0.0001056800  -0.0001439233
       -0.0000713432  -0.0000144058  -0.0000239756  -0.0000549566  -0.0001743264
       -0.0000837066  -0.0236740600   0.0017604714   0.0248080024   0.0004458101
       -0.0012437587  -0.0005602637   0.0003981517  -0.0001002411  -0.0005124550
        0.0004099146  -0.0000573818   0.0011863328  -0.0073780782   0.0002239630
       -0.0008379842   0.0004466704  -0.0000736705   0.0004871145   0.0002135808
        0.0002014566   0.0000090407  -0.0000473146  -0.0000004719  -0.0001147740
        0.1266612190  -0.0069318288  -0.1197761457   0.0029557998  -0.0003928932
       -0.0025823088  -0.0000129173   0.0000022349  -0.0000275869   0.0003910251
        0.0001051860  -0.0004880624   0.0000694558  -0.0000808177  -0.0001289145
        0.0000317022  -0.0001724987   0.0001164609   0.0000406708  -0.0000380942
        0.0000027056   0.0001293797  -0.0000825074   0.0001192952
        0.0073238161  -0.0450937005  -0.0095330625   0.0123538227  -0.0049892491
       -0.0235230164   0.0001480357  -0.0001517683   0.0002189079  -0.0001466757
       -0.0000655114  -0.0000179930   0.0005185955   0.0008872824  -0.0012786766
       -0.0000178587  -0.0000542417  -0.0000255202  -0.0001689265  -0.0000119751
        0.0000476844   0.0003502661   0.0006831086  -0.0006108745  -0.0008667787
       -0.0045434296  -0.0037492637   0.0003246074   0.0006001864   0.0001257469
        0.0006358060   0.0004071586  -0.0005235431   0.0001915969   0.0007678271
       -0.0002826623  -0.0005393784   0.0000510481   0.0003020354  -0.0002530729
       -0.0006789128   0.0003719729  -0.0001065475   0.0002302694   0.0001706387
       -0.0069318288   0.0528264359   0.0148543830  -0.0125752420  -0.0004705658
        0.0233383116  -0.0000343907  -0.0000162029   0.0000103061  -0.0002324520
       -0.0005109091   0.0000450594   0.0001388807   0.0000947368   0.0001478120
       -0.0000035635  -0.0000197900  -0.0000446898   0.0000005281   0.0000404912
       -0.0000138571  -0.0001092398   0.0000177117  -0.0000296992
        0.1045229462  -0.0099722857  -0.2107354585   0.0080094832  -0.0055303400
       -0.0172648408   0.0000786375  -0.0000884753  -0.0000189417   0.0000853471
       -0.0000470109  -0.0001784085  -0.0000550371   0.0009208556   0.0009732988
       -0.0000341125  -0.0000281859  -0.0000114113  -0.0001084970   0.0000228262
       -0.0000803618  -0.0009679779   0.0001536660   0.0044698130  -0.0009837277
       -0.0036316822  -0.0019086240  -0.0000519555   0.0002970588  -0.0000213690
        0.0001994365  -0.0000189903   0.0002176609  -0.0011507743   0.0001803266
        0.0007344300  -0.0001096779   0.0001943793   0.0005037417   0.0000151384
       -0.0002215877   0.0005188056  -0.0001289625   0.0003133585   0.0000219478
       -0.1197761457   0.0148543830   0.2434000486   0.0110010735   0.0024579799
       -0.0205165868   0.0000569020  -0.0000191821  -0.0000079283  -0.0004115413
       -0.0000293954   0.0001348873  -0.0002233096   0.0002726917  -0.0001995066
        0.0000182325  -0.0000550368   0.0000170608  -0.0000140034   0.0000097805
       -0.0000509142   0.0000285254  -0.0000351338   0.0000026570
       -0.0490703457   0.0333874063  -0.0221251398   0.0016190237  -0.0058441253
        0.0034892744   0.0001060620  -0.0002096786   0.0000277024  -0.0007511881
        0.0013077564  -0.0009485096   0.0003972203  -0.0016012706  -0.0006717245
       -0.0000024919  -0.0000430244   0.0000155640  -0.0000517540  -0.0000273932
       -0.0000359275  -0.0108695989   0.0240584342  -0.0190306808   0.0000421901
        0.0004660208   0.0000649862   0.0000733675  -0.0003791727   0.0002532996
       -0.0062900459  -0.0000295992  -0.0012651631   0.0007052059   0.0004681607
       -0.0001085444   0.0005133999   0.0001762921  -0.0000819941  -0.0000345640
        0.0001101184  -0.0001566852   0.0000716231  -0.0004480916   0.0000703698
        0.0029557998  -0.0125752420   0.0110010735   0.0603296762  -0.0386361687
        0.0293141387   0.0000044746  -0.0000290155  -0.0000023753   0.0000709261
       -0.0000721135   0.0001757632   0.0001473332  -0.0000702968  -0.0000180297
       -0.0000224170   0.0000004698   0.0000266090   0.0000224393  -0.0000045062
       -0.0000357100   0.0000336638  -0.0000049605   0.0000417030
        0.0337974225  -0.1865161673   0.1054543318   0.0034073432  -0.0259311836
        0.0135176517  -0.0001990049   0.0004209268  -0.0000796115   0.0001290971
       -0.0002716364   0.0001085027  -0.0017680921  -0.0049953031  -0.0036617845
       -0.0000306196   0.0000504226  -0.0000305376   0.0000001667  -0.0000517646
       -0.0000470054   0.0022466939  -0.0018837641   0.0024353403   0.0004108264
        0.0004012694   0.0002914891  -0.0001539031   0.0003715902   0.0003703013
        0.0009036529   0.0010940643   0.0000097295   0.0000526864  -0.0000512263
       -0.0001821437  -0.0001409200   0.0004636402  -0.0000341883   0.0000090283
        0.0001678396  -0.0003111604   0.0003342218  -0.0017956971   0.0007833831
       -0.0003928932  -0.0004705658   0.0024579799  -0.0386361687   0.2189823802
       -0.1210977983   0.0000065687  -0.0000279919  -0.0000115667   0.0002226258
       -0.0001447989   0.0002938473  -0.0002108945   0.0002226911  -0.0002536324
       -0.0000101662  -0.0000393322  -0.0000180937  -0.0000276536   0.0000068409
        0.0000237746   0.0000499821  -0.0000022339  -0.0000188091
       -0.0224701326   0.1059752024  -0.1209626664   0.0020382298  -0.0116119767
        0.0072034176   0.0001294050  -0.0000755239   0.0000048763  -0.0003082398
        0.0004547665  -0.0003487964  -0.0004480139  -0.0022708122  -0.0003415949
        0.0000085409  -0.0000312922   0.0000022126  -0.0000437446  -0.0000187616
        0.0000041655  -0.0038331455   0.0068767010  -0.0049711864  -0.0000036668
       -0.0002960969   0.0005934078   0.0003445167   0.0001608206   0.0002793850
       -0.0021302362  -0.0002226418   0.0002487047   0.0004446071  -0.0002933657
        0.0005987106  -0.0000988475   0.0000343360  -0.0002984183  -0.0001252189
       -0.0001751148   0.0000699740  -0.0000088504  -0.0005501641   0.0004005627
       -0.0025823088   0.0233383116  -0.0205165868   0.0293141387  -0.1210977983
        0.1379120632  -0.0000309519  -0.0000070391  -0.0000193760  -0.0001910080
       -0.0002419843   0.0000193820   0.0000468319  -0.0000067784   0.0001579571
       -0.0000038737   0.0000294016  -0.0000088879   0.0000255179   0.0000014026
       -0.0000023555  -0.0000735495   0.0000284077  -0.0000249504
        0.0000299391  -0.0000534756   0.0000147986  -0.0000511357   0.0000083885
        0.0000767579  -0.0001524364   0.0001435797  -0.0000113989  -0.0004366094
        0.0000973167   0.0001980838   0.0000549800   0.0000512148  -0.0000108558
        0.0000810482  -0.0000310052  -0.0000128930  -0.0006401670   0.0000291817
        0.0002481291  -0.0001522110  -0.0000719003  -0.0000005608   0.0000863699
       -0.0000105284   0.0000222466  -0.0000670917  -0.0000127274  -0.0000111437
        0.0000430703  -0.0000175787  -0.0001612667  -0.0004716958   0.0001180901
        0.0002022367   0.0000423492   0.0000311362   0.0000122229   0.0000079941
        0.0000156116   0.0000567509   0.0000397196  -0.0000217661  -0.0000448157
       -0.0000129173  -0.0000343907   0.0000569020   0.0000044746   0.0000065687
       -0.0000309519   0.0015742990  -0.0002218111  -0.0006361038  -0.0000303919
       -0.0000031552   0.0000839571   0.0000006661  -0.0000065740   0.0000396712
        0.0000472863  -0.0000224044  -0.0000400920  -0.0000183991   0.0000184418
        0.0000077868   0.0000208588  -0.0000122126  -0.0000594613
        0.0000290900   0.0000714710   0.0000379288   0.0000051901   0.0001218545
       -0.0000016944  -0.0000318993   0.0001610321   0.0000057604   0.0000918868
       -0.0001726216  -0.0000604682  -0.0000214974   0.0000594215  -0.0000389828
        0.0000616234  -0.0000200764  -0.0000705038  -0.0000257932  -0.0001722310
        0.0000424719   0.0001006370   0.0001578243  -0.0000004553  -0.0000098003
       -0.0000896347  -0.0000108993   0.0000091384  -0.0000321694   0.0000022013
       -0.0000313038   0.0000058925  -0.0000323464   0.0001086891  -0.0001977250
       -0.0000962130  -0.0000857183  -0.0000203944   0.0000568761  -0.0000054878
       -0.0000238473   0.0000205110   0.0000244448  -0.0000204344   0.0000080362
        0.0000022349  -0.0000162029  -0.0000191821  -0.0000290155  -0.0000279919
       -0.0000070391  -0.0002218111   0.0001427703   0.0001322453   0.0000821717
        0.0000491025   0.0000685916  -0.0000905688   0.0000880694  -0.0000414218
        0.0000616657  -0.0000031377   0.0000051439  -0.0000209235  -0.0000034944
        0.0000095547  -0.0000029530  -0.0000574769  -0.0000101150
        0.0000629652   0.0000429529   0.0000425098   0.0000202725  -0.0000058030
        0.0000469717   0.0002276791  -0.0000388214   0.0000462655   0.0003801108
       -0.0000877090  -0.0002537695   0.0000524195  -0.0000509165   0.0000591850
       -0.0001104613  -0.0000298818   0.0000083393   0.0000807450  -0.0000203734
       -0.0001503286   0.0002021282  -0.0000045256   0.0000533741  -0.0000081530
       -0.0000050211  -0.0000691521   0.0000170218   0.0000028618  -0.0000291546
       -0.0002765887   0.0000042336   0.0001512858   0.0000724609  -0.0000359453
       -0.0001670110  -0.0000728385   0.0000314028  -0.0000164829  -0.0000281379
        0.0000165847   0.0000002846  -0.0000150512   0.0000236417  -0.0000159371
       -0.0000275869   0.0000103061  -0.0000079283  -0.0000023753  -0.0000115667
       -0.0000193760  -0.0006361038   0.0001322453   0.0003678768   0.0000770298
        0.0001214204  -0.0001398932   0.0000679886  -0.0001416034   0.0000374570
       -0.0000333791   0.0000193144   0.0000332672  -0.0000117168  -0.0000148483
       -0.0000223542  -0.0000384288   0.0000420518   0.0000445709
       -0.0001506926   0.0002559197  -0.0006842264   0.0001286056  -0.0001062939
        0.0001709536   0.0043541279   0.0032667863   0.0028974927  -0.0320614958
        0.0071797138   0.0351321584  -0.0000426608  -0.0004207048  -0.0005089116
       -0.0004406156   0.0004611657  -0.0005063449   0.0006128580   0.0002339146
       -0.0006425823   0.0051205540  -0.0022250297  -0.0037020296   0.0000859569
        0.0001033117  -0.0002499392   0.0000370715   0.0000864853   0.0000526999
       -0.1008418803   0.0306226059   0.0489036683   0.0005940886   0.0012918165
       -0.0017037230  -0.0000498442   0.0004583024  -0.0003192879   0.0007557953
        0.0002119065  -0.0004648661   0.0003607933   0.0000227702  -0.0001183327
        0.0003910251  -0.0002324520  -0.0004115413   0.0000709261   0.0002226258
       -0.0001910080  -0.0000303919   0.0000821717   0.0000770298   0.2235616166
       -0.1159420122  -0.0323386592  -0.0887962497   0.0514146507  -0.0277700540
        0.0042900669   0.0057719547   0.0011686248   0.0047947634  -0.0077741251
        0.0098803352  -0.0227444185   0.0250145163  -0.0286714566
       -0.0003210793   0.0007740296   0.0004290936   0.0002172483   0.0001932448
        0.0001362301   0.0124892738  -0.0041084503  -0.0287584670   0.0043874376
        0.0017285524  -0.0013855552   0.0001472413   0.0010968720   0.0004144091
        0.0005430894   0.0014247574   0.0010984603  -0.0012362592  -0.0055706120
       -0.0041975842  -0.0102696437   0.0008293181   0.0254472760  -0.0000430781
       -0.0000935827   0.0000296340   0.0001319821  -0.0000719341   0.0000475543
        0.0261400674  -0.0677636588  -0.0128892537   0.0006442048  -0.0039827760
        0.0044853124  -0.0002706883   0.0017462545  -0.0003991198   0.0003943188
        0.0001046021  -0.0000572976   0.0004092567  -0.0000085943   0.0001407220
        0.0001051860  -0.0005109091  -0.0000293954  -0.0000721135  -0.0001447989
       -0.0002419843  -0.0000031552   0.0000491025   0.0001214204  -0.1159420122
        0.2241746048  -0.0801014021   0.0573216770  -0.1193405328   0.0565731311
        0.0147144160  -0.0335933847   0.0318773068  -0.0028955402   0.0052554338
       -0.0007743207   0.0134081705  -0.0021875383   0.0080338297
        0.0003385975  -0.0006486714   0.0002495725  -0.0001295181  -0.0001732664
        0.0002817737   0.0115392609  -0.0128114592  -0.0319447970   0.0197361234
       -0.0008421275  -0.0123845626   0.0012442072   0.0004525180   0.0005120329
        0.0001736636   0.0009474248   0.0006608778  -0.0009918266  -0.0056269077
       -0.0042940921   0.0098201532   0.0065526991  -0.0313681996   0.0002897856
        0.0000575865  -0.0000539568  -0.0002679399   0.0001238789  -0.0000464009
        0.0621975436  -0.0247315195  -0.1444693542  -0.0007183661   0.0041557232
       -0.0037708712   0.0003920994  -0.0006209282   0.0013767354  -0.0001501729
        0.0002222177   0.0004206178  -0.0001477294  -0.0001585907   0.0000354494
       -0.0004880624   0.0000450594   0.0001348873   0.0001757632   0.0002938473
        0.0000193820   0.0000839571   0.0000685916  -0.0001398932  -0.0323386592
       -0.0801014021   0.4037398927  -0.0443882382   0.0677915021  -0.1309254870
       -0.0003112571   0.0169147427  -0.0023626947  -0.0089635476   0.0186166557
       -0.0330897360  -0.0170958372   0.0094724258  -0.0125811763
       -0.0002587958   0.0000517402   0.0001026016   0.0000366443   0.0001098160
       -0.0001834356   0.0005461692   0.0002208197   0.0000517891   0.0031116080
       -0.0020650005   0.0053113055  -0.0002621731   0.0002343485   0.0001411581
        0.0003597695  -0.0001704097   0.0000231111  -0.0000014924  -0.0001464993
        0.0003664261  -0.0011055207   0.0003122718   0.0037534255  -0.0000989588
       -0.0000653234   0.0000517595   0.0000915729  -0.0000651372   0.0000074217
        0.0029661277  -0.0121662533   0.0055888961   0.0000790142  -0.0007517812
        0.0010291802  -0.0000417359  -0.0002933887  -0.0001624869  -0.0001191164
       -0.0001251967  -0.0001652235   0.0001381334   0.0000888090   0.0001381843
        0.0000694558   0.0001388807  -0.0002233096   0.0001473332  -0.0002108945
        0.0000468319   0.0000006661  -0.0000905688   0.0000679886  -0.0887962497
        0.0573216770  -0.0443882382   0.4764990285   0.0010111653  -0.0437983033
       -0.0591154601  -0.0572735808  -0.0084626571  -0.0871091823   0.0366996714
        0.0840613014  -0.2471368375  -0.0227651656  -0.0033577265
        0.0000642377  -0.0001575320  -0.0003909457  -0.0001729354  -0.0003470343
        0.0001583225   0.0004580061   0.0006384563  -0.0008459063   0.0012056210
        0.0008583768  -0.0011421056   0.0004697458  -0.0004593995  -0.0001356474
        0.0002210218  -0.0002201305  -0.0012151319   0.0000369166  -0.0001449168
       -0.0006979802  -0.0004081629  -0.0001045440   0.0007615888   0.0001132784
        0.0000810994  -0.0000804887  -0.0001837169   0.0000941530  -0.0000380744
       -0.0094600950   0.0020988366   0.0069713556   0.0002774732  -0.0000771597
       -0.0000964757   0.0000361575   0.0000608676   0.0003391501  -0.0001784932
        0.0003664494   0.0001237798  -0.0001737864  -0.0001126001  -0.0001451946
       -0.0000808177   0.0000947368   0.0002726917  -0.0000702968   0.0002226911
       -0.0000067784  -0.0000065740   0.0000880694  -0.0001416034   0.0514146507
       -0.1193405328   0.0677915021   0.0010111653   0.4637154222   0.0425890970
       -0.0556381214  -0.2298074554  -0.0401141631   0.0351836608  -0.0717718179
       -0.0703407224  -0.0241189353  -0.0457760358  -0.0036162700
        0.0000885424   0.0000649310   0.0002953071  -0.0000541553   0.0001303446
       -0.0001913761   0.0005464336  -0.0001242344   0.0002182015  -0.0019140751
        0.0000781046   0.0017581368   0.0000370523   0.0002856914   0.0001009090
       -0.0000414159   0.0003607566  -0.0008400376  -0.0001728181   0.0002169771
        0.0001602758   0.0023260110  -0.0003816268  -0.0046185254  -0.0001459036
       -0.0000192569   0.0001252064   0.0001051308  -0.0000134219  -0.0000286001
       -0.0053627145   0.0177303362  -0.0379762459  -0.0003880561   0.0012647586
       -0.0007166753   0.0000271071  -0.0003926687  -0.0001833984  -0.0002926575
       -0.0002902395  -0.0001485454   0.0000606622   0.0001872764   0.0001685078
       -0.0001289145   0.0001478120  -0.0001995066  -0.0000180297  -0.0002536324
        0.0001579571   0.0000396712  -0.0000414218   0.0000374570  -0.0277700540
        0.0565731311  -0.1309254870  -0.0437983033   0.0425890970   0.4642519526
       -0.0086489301  -0.0410208948  -0.0480601550   0.0877422089  -0.0744257570
       -0.2013670290  -0.0022367919  -0.0026660627  -0.0420183291
        0.0000146147   0.0000257851  -0.0000429689  -0.0000684408   0.0000003376
        0.0000245363   0.0000874276  -0.0003252401  -0.0000896772  -0.0003656836
       -0.0001670345  -0.0004438260   0.0001001140   0.0000482187  -0.0001623630
        0.0004314894   0.0003135043   0.0002623622  -0.0000820368   0.0000606994
        0.0000225090   0.0000807690  -0.0000090567  -0.0001468201   0.0000014657
       -0.0000416114   0.0000658231  -0.0000204029   0.0000124600  -0.0000186533
        0.0008365603  -0.0004955041  -0.0003644341  -0.0000478296   0.0000053835
       -0.0000143349  -0.0000597865   0.0000446163   0.0000035787  -0.0002591469
        0.0001520389  -0.0001118170  -0.0000442880  -0.0000203035  -0.0000131786
        0.0000317022  -0.0000035635   0.0000182325  -0.0000224170  -0.0000101662
       -0.0000038737   0.0000472863   0.0000616657  -0.0000333791   0.0042900669
        0.0147144160  -0.0003112571  -0.0591154601  -0.0556381214  -0.0086489301
        0.0650665980   0.0607025444   0.0129897123   0.0035969142   0.0128338706
        0.0042373249  -0.0144995161  -0.0322649392  -0.0072185658
       -0.0000291408   0.0000639101   0.0000095794  -0.0000205425   0.0001014062
       -0.0001049096  -0.0001450791   0.0003609031  -0.0000119151  -0.0002227704
       -0.0002186716  -0.0000347909  -0.0001004190   0.0001521320   0.0000008201
       -0.0000407483   0.0008139220  -0.0001853777   0.0000442248   0.0001021476
        0.0001186384  -0.0000516074   0.0000952328   0.0001557675  -0.0000299921
        0.0000190975   0.0000266047   0.0000469671   0.0000070260   0.0000066892
        0.0005575481   0.0001623789  -0.0018591749  -0.0000178467   0.0000324982
        0.0001213259   0.0000247729   0.0001669116  -0.0000601610   0.0002202902
       -0.0001721613   0.0001220455   0.0000154781   0.0000237593  -0.0000004824
       -0.0001724987  -0.0000197900  -0.0000550368   0.0000004698  -0.0000393322
        0.0000294016  -0.0000224044  -0.0000031377   0.0000193144   0.0057719547
       -0.0335933847   0.0169147427  -0.0572735808  -0.2298074554  -0.0410208948
        0.0607025444   0.2835258694   0.0355025459  -0.0035595957  -0.0146496329
       -0.0066046667  -0.0056980243  -0.0071236292  -0.0030900654
       -0.0000353999  -0.0000008533   0.0000122445   0.0000208656  -0.0000179678
        0.0000241930  -0.0004291596   0.0001965073  -0.0008125262  -0.0000017750
        0.0000167156  -0.0001593727  -0.0001144982  -0.0000189410   0.0000412257
        0.0002789539  -0.0007680331  -0.0016272369   0.0000954379  -0.0000387188
        0.0004247539   0.0000627670   0.0000164851  -0.0005230343   0.0000101917
       -0.0000212126   0.0000164575   0.0000360229  -0.0000342446   0.0000423367
        0.0004716151   0.0010695839   0.0011045433  -0.0000165796  -0.0000017786
       -0.0000752816  -0.0000012160  -0.0001110601   0.0000292677  -0.0001550272
        0.0001553602  -0.0000446940  -0.0000072499  -0.0000470348  -0.0000414040
        0.0001164609  -0.0000446898   0.0000170608   0.0000266090  -0.0000180937
       -0.0000088879  -0.0000400920   0.0000051439   0.0000332672   0.0011686248
        0.0318773068  -0.0023626947  -0.0084626571  -0.0401141631  -0.0480601550
        0.0129897123   0.0355025459   0.0579662070  -0.0064415917  -0.0264460880
       -0.0070006073   0.0004279852  -0.0011567695   0.0010043373
        0.0000469431  -0.0000291979   0.0000264246  -0.0000108422   0.0000136043
       -0.0000214027   0.0001287334   0.0000660713  -0.0001586653   0.0003159310
        0.0000566188  -0.0001065309   0.0000159185  -0.0000037859  -0.0000318765
       -0.0000811238  -0.0001138092   0.0001033081  -0.0000276908  -0.0000405889
       -0.0000480583   0.0003686147   0.0000395978  -0.0003215156  -0.0000110083
        0.0000021367   0.0000347778   0.0000192329  -0.0000055106   0.0000076415
       -0.0001369468   0.0006884975  -0.0009565219  -0.0000355488   0.0000978782
       -0.0001240725  -0.0000049339  -0.0000596498   0.0000234966   0.0000316489
       -0.0000132278   0.0000027036   0.0000073929   0.0000105342   0.0000224030
        0.0000406708   0.0000005281  -0.0000140034   0.0000224393  -0.0000276536
        0.0000255179  -0.0000183991  -0.0000209235  -0.0000117168   0.0047947634
       -0.0028955402  -0.0089635476  -0.0871091823   0.0351836608   0.0877422089
        0.0035969142  -0.0035595957  -0.0064415917   0.0953301662  -0.0412452593
       -0.0975157210  -0.0172836931   0.0118556146   0.0267267425
       -0.0000145881   0.0000061662  -0.0000181903  -0.0000163211   0.0000289881
       -0.0000479221  -0.0000105318  -0.0001108622   0.0000446520  -0.0000776478
       -0.0001395123  -0.0000795790  -0.0000094834   0.0000713184  -0.0000620432
       -0.0000406496   0.0001952584   0.0001658351  -0.0000397341   0.0001644206
        0.0000611479  -0.0002966165   0.0000322121   0.0008196529  -0.0000117037
       -0.0000059878   0.0000092706  -0.0000208195   0.0000145969  -0.0000205195
        0.0015664003  -0.0013837859   0.0031383326   0.0000122485  -0.0001850017
        0.0001717285  -0.0000293656   0.0000845551  -0.0000071937   0.0000128599
       -0.0000517443  -0.0000343050  -0.0000054770   0.0000077373   0.0000420344
       -0.0000380942   0.0000404912   0.0000097805  -0.0000045062   0.0000068409
        0.0000014026   0.0000184418  -0.0000034944  -0.0000148483  -0.0077741251
        0.0052554338   0.0186166557   0.0366996714  -0.0717718179  -0.0744257570
        0.0128338706  -0.0146496329  -0.0264460880  -0.0412452593   0.0810162071
        0.0759666381  -0.0015085696   0.0013776131   0.0021093151
        0.0000870214  -0.0000116963  -0.0000301242  -0.0000398179   0.0000148493
        0.0000802327   0.0001458704   0.0002683396  -0.0001325066  -0.0005485927
        0.0000834304   0.0003452994   0.0000860637   0.0000406284  -0.0000364261
        0.0000287931   0.0001122682   0.0001090508  -0.0000055067  -0.0000609343
        0.0000346208   0.0004304508  -0.0002484717  -0.0010600589   0.0000251385
        0.0000028072   0.0000306842  -0.0000501995   0.0000026745  -0.0000088187
       -0.0032613468   0.0025787809  -0.0038113078  -0.0000478798   0.0002807093
       -0.0002126401   0.0000292912  -0.0000585194   0.0000212096   0.0000086359
       -0.0000114639  -0.0000869019  -0.0000127048  -0.0000103730   0.0000092421
        0.0000027056  -0.0000138571  -0.0000509142  -0.0000357100   0.0000237746
       -0.0000023555   0.0000077868   0.0000095547  -0.0000223542   0.0098803352
       -0.0007743207  -0.0330897360   0.0840613014  -0.0703407224  -0.2013670290
        0.0042373249  -0.0066046667  -0.0070006073  -0.0975157210   0.0759666381
        0.2465975255   0.0024867604  -0.0012494296  -0.0003160846
        0.0000490035  -0.0000225202   0.0000842492   0.0000803866   0.0000018761
        0.0000885771  -0.0002497407   0.0000432086  -0.0001503872   0.0007311806
       -0.0000376411  -0.0017296109   0.0000449694  -0.0000419824   0.0000759269
       -0.0002313381  -0.0002002689  -0.0000911494   0.0000468711   0.0000069666
       -0.0000516123   0.0001413786  -0.0002197113   0.0003009366   0.0000484407
       -0.0000030043  -0.0000656577  -0.0000280891  -0.0000143494   0.0000090715
        0.0026953675   0.0000241485   0.0022907524   0.0000241123  -0.0000544995
       -0.0000494954  -0.0000879725  -0.0000023801   0.0000076062   0.0001632401
        0.0000630185   0.0000572705  -0.0000004380  -0.0000762347  -0.0000561015
        0.0001293797  -0.0001092398   0.0000285254   0.0000336638   0.0000499821
       -0.0000735495   0.0000208588  -0.0000029530  -0.0000384288  -0.0227444185
        0.0134081705  -0.0170958372  -0.2471368375  -0.0241189353  -0.0022367919
       -0.0144995161  -0.0056980243   0.0004279852  -0.0172836931  -0.0015085696
        0.0024867604   0.2980531907   0.0185129430   0.0157809602
        0.0000017642  -0.0000466452   0.0000681804   0.0000254883   0.0000367834
       -0.0000455896  -0.0001964820  -0.0001347197  -0.0000891508  -0.0007245286
        0.0001051461  -0.0001969405  -0.0000739835  -0.0000339454   0.0000727206
       -0.0002144041  -0.0000709313  -0.0000069889   0.0000045919   0.0000358096
       -0.0000506077   0.0001320707   0.0000339589  -0.0001824345  -0.0000025030
        0.0000174466  -0.0000244028   0.0000232142  -0.0000172654   0.0000055532
        0.0006313907   0.0006549262  -0.0006468748   0.0000006630   0.0000610209
       -0.0000621982   0.0000767943  -0.0000150363   0.0000066050   0.0000640705
       -0.0001203502   0.0000281253  -0.0000014354   0.0000077867   0.0000369363
       -0.0000825074   0.0000177117  -0.0000351338  -0.0000049605  -0.0000022339
        0.0000284077  -0.0000122126  -0.0000574769   0.0000420518   0.0250145163
       -0.0021875383   0.0094724258  -0.0227651656  -0.0457760358  -0.0026660627
       -0.0322649392  -0.0071236292  -0.0011567695   0.0118556146   0.0013776131
       -0.0012494296   0.0185129430   0.0532376045  -0.0033484226
        0.0000227704   0.0000332415  -0.0000781021   0.0000141219   0.0000163679
        0.0000070271   0.0004202244   0.0000763017  -0.0002349899   0.0014606031
       -0.0000553178   0.0003001146   0.0000660570   0.0000433610  -0.0000346320
       -0.0000552803  -0.0001208287   0.0000555196   0.0000050417  -0.0000009783
       -0.0000150883  -0.0000854481   0.0000192265   0.0001856008  -0.0000013804
       -0.0000142481   0.0000103445   0.0000162347  -0.0000203071   0.0000192123
       -0.0053251202   0.0002156749   0.0019352952   0.0000296743  -0.0001233950
        0.0000633229  -0.0000636197  -0.0001371853   0.0000447990   0.0000630835
        0.0000413521   0.0000169338   0.0000715470  -0.0000030287   0.0000117234
        0.0001192952  -0.0000296992   0.0000026570   0.0000417030  -0.0000188091
       -0.0000249504  -0.0000594613  -0.0000101150   0.0000445709  -0.0286714566
        0.0080338297  -0.0125811763  -0.0033577265  -0.0036162700  -0.0420183291
       -0.0072185658  -0.0030900654   0.0010043373   0.0267267425   0.0021093151
       -0.0003160846   0.0157809602  -0.0033484226   0.0516018943
