           1           2   1.0096151109884111     
           2           5   1.0094535124560320     
           3           5   1.0088920085421729     
           3           6  0.97410812899024857     
           3           7  0.97615194848935904     
           1           8   1.0083517264094533     
           2           9  0.97755191036745304     
           2          10  0.97688525608117927     
           3          11  0.98638946035613928     
           4          11  0.95941191408235971     
           8          11  0.99039574424039678     
           8          12  0.97660366450530001     
           8          13  0.97623969530866739     
           5          14  0.97636601018072500     
           5          15  0.97749593542787583     
           1          16  0.97612456092232147     
           1          17  0.97719576756090976     
          11          19  0.96736594036982360     
          19          20  0.99513922750020645     
          20          21  0.97622592767109895     
          20          22  0.97835499257797964     
          20          23  0.97675388115387585     
