$hessian                                                                        
        0.5256028537  -0.0312441703  -0.0126141439  -0.0890454625  -0.0485989288
        0.0002225855   0.0006963618  -0.0011309817   0.0006242336   0.0003906225
       -0.0001176868  -0.0010037863   0.0064413800   0.0151678799   0.0002335112
        0.0000159755   0.0000944117  -0.0000830703  -0.0000472883  -0.0000736657
        0.0000525539  -0.0723207803  -0.0065734965  -0.0252740887  -0.0027418381
       -0.0072628456  -0.0012565130  -0.0137661117  -0.0255858088   0.0013367134
       -0.0059600485  -0.0016526818  -0.0184679563  -0.0032281287  -0.0048618151
       -0.0129289186   0.0041302985   0.0052727716   0.0234896488  -0.0017035956
        0.0040711147  -0.0017230929   0.0008737715   0.0011607785  -0.0003178381
       -0.1439370491   0.1015125169  -0.0515597027  -0.2018789797  -0.0029268754
        0.1033206502  -0.0000435627   0.0000550310   0.0000182113   0.0000181250
       -0.0001579997  -0.0010846273  -0.0032924026   0.0027445340  -0.0027851770
        0.0000939828  -0.0000359026   0.0000157544  -0.0000498718   0.0000350287
       -0.0000484740  -0.0002482518   0.0001087917  -0.0001664732
       -0.0312441703   0.4851511561  -0.0214983475  -0.0492260711  -0.1748049199
       -0.0044720222  -0.0012619773   0.0010984452  -0.0013859517  -0.0002190957
        0.0003886641   0.0004428900  -0.0023417767  -0.0295939576   0.0032994869
        0.0000353019  -0.0000915771   0.0002104430  -0.0000805579   0.0003127076
       -0.0001709983  -0.0055633091  -0.0710295410  -0.0276039537  -0.0053987547
       -0.0108833826  -0.0026305956  -0.0045550450  -0.0049000150   0.0015469009
        0.0030362700   0.0041986395   0.0146781413  -0.0075166018  -0.0086917379
       -0.0264495028  -0.0000004725   0.0002794607  -0.0011731402   0.0027468724
       -0.0030533831   0.0019431137  -0.0009066461   0.0008152911  -0.0000562554
        0.1016526342  -0.1432134587   0.0544458347  -0.0030876690  -0.0441174244
        0.0044179146   0.0000152382   0.0001108037   0.0000185710   0.0003737031
        0.0000177269   0.0012586751   0.0034137959  -0.0019746232   0.0030429264
       -0.0000869903   0.0000455891  -0.0000439975  -0.0000188985   0.0000602011
       -0.0000079307   0.0002342202  -0.0001246646   0.0001877980
       -0.0126141439  -0.0214983475   0.4787188675   0.0003724428  -0.0030070690
       -0.0657221986   0.0007774602  -0.0009426571   0.0006423638   0.0009494575
       -0.0004542012   0.0008649078   0.0027608041   0.0108494403   0.0002228186
        0.0000488316   0.0001362089  -0.0001258199   0.0001436286  -0.0003321573
        0.0002009194  -0.0251949433  -0.0297911567  -0.1843187959  -0.0119743403
       -0.0269384804  -0.0036496633   0.0080642182   0.0146489115  -0.0001166950
       -0.0090448213   0.0017743813  -0.0181189055  -0.0016967261  -0.0027209103
       -0.0046513377  -0.0011668057  -0.0043827835  -0.0220954531  -0.0012981804
        0.0022435671  -0.0002873554   0.0002250937  -0.0006243489   0.0003657853
       -0.0518223539   0.0546297530  -0.0703683769   0.1033621952   0.0043150030
       -0.1108888870   0.0000456109   0.0000027627   0.0000612099  -0.0003019556
        0.0000237194  -0.0006213978  -0.0015629963   0.0020206527  -0.0000300405
        0.0000563647   0.0000181260  -0.0000723359  -0.0000692705  -0.0000640778
       -0.0000324336  -0.0000595702   0.0000936640   0.0000228239
       -0.0890454625  -0.0492260711   0.0003724428   0.5038804617   0.0060414926
       -0.0161699754  -0.0072279238   0.0051304506  -0.0094132056  -0.0000884877
       -0.0000556393  -0.0000846650  -0.1240607993   0.0575428133  -0.0296670861
        0.0008892023  -0.0003348299   0.0010590796   0.0002570738  -0.0004132440
       -0.0013881997  -0.0037963627  -0.0089443345  -0.0043375597  -0.0522858764
       -0.0105846425  -0.0400010297  -0.2057351182  -0.0045047596   0.1030844490
        0.0000515921   0.0001068858   0.0003292965   0.0002032139  -0.0004404244
       -0.0014118844   0.0006481619   0.0008284372   0.0006597264   0.0063062930
       -0.0063321059   0.0034530810  -0.0225761484   0.0189592721  -0.0083927349
        0.0065584148   0.0174184807   0.0001773233  -0.0141890161  -0.0253216094
        0.0011212141   0.0000087964  -0.0000226642   0.0000240281  -0.0002741194
        0.0001881564  -0.0000042795   0.0003874512   0.0000771009   0.0005778915
        0.0000450179  -0.0000210106  -0.0000545260   0.0000033992  -0.0000757258
        0.0000019197   0.0000402363  -0.0000160282   0.0000646940
       -0.0485989288  -0.1748049199  -0.0030070690   0.0060414926   0.4516187638
        0.0168879458  -0.0009357056   0.0034040028   0.0025926390  -0.0000772773
        0.0001612342  -0.0000756259   0.0566400977  -0.1220528821   0.0313608114
       -0.0002731846   0.0003247173  -0.0002501093  -0.0008376544   0.0008808721
       -0.0017319676  -0.0067238262  -0.0122221075  -0.0085607613  -0.0104895350
       -0.0529515633  -0.0519940417  -0.0045973917  -0.0415479466   0.0017949017
        0.0002878581  -0.0002076163   0.0006366504  -0.0004559343   0.0005541325
       -0.0016119736   0.0000206428   0.0005089606   0.0006542146   0.0182076696
       -0.0230902005   0.0111194930   0.0038378397  -0.0016661357   0.0006149451
       -0.0072411035  -0.0240843758   0.0006032518  -0.0048619456  -0.0050999633
        0.0009356359   0.0000420211   0.0001068239  -0.0000203023   0.0001215502
       -0.0001849622   0.0000181037  -0.0001110112   0.0002497366  -0.0000001725
       -0.0000027309   0.0000125034   0.0000044416  -0.0000161506   0.0000747692
        0.0000089227   0.0000232078   0.0000161569   0.0000200664
        0.0002225855  -0.0044720222  -0.0657221986  -0.0161699754   0.0168879458
        0.5376705479  -0.0203891295   0.0169034669  -0.0178411561  -0.0001733466
       -0.0000787893  -0.0001000886  -0.0300048214   0.0327944754  -0.0835320239
       -0.0008230976   0.0005131541   0.0007328969  -0.0024750724  -0.0009051667
       -0.0058706999  -0.0119721930  -0.0260250585  -0.0059717040  -0.0395567074
       -0.0519674155  -0.2528372491   0.1028172129   0.0017739198  -0.1106774188
        0.0006152099   0.0006810939   0.0020445350  -0.0022527090  -0.0026030846
       -0.0054765979  -0.0007776868  -0.0006521730   0.0007770717  -0.0006751861
        0.0016457575   0.0001545828   0.0099018983  -0.0095398249   0.0054728674
        0.0034677252   0.0098164324   0.0006277712   0.0080174524   0.0151297116
        0.0003330672   0.0000159886  -0.0000083298   0.0000258231   0.0001049129
       -0.0001476713  -0.0000127705   0.0000962316   0.0003054384   0.0001362988
        0.0000002025   0.0000033752  -0.0000222402   0.0000146807  -0.0000102329
        0.0000737389  -0.0000041753  -0.0000450026   0.0000149466
        0.0006963618  -0.0012619773   0.0007774602  -0.0072279238  -0.0009357056
       -0.0203891295   0.5211556341  -0.0373002715  -0.0168477944  -0.0150182925
       -0.0262373788   0.0035612842  -0.0724459010  -0.0077838013  -0.0247888950
       -0.1977107404  -0.0027052289   0.1061844216  -0.1471897083   0.1013046850
       -0.0492684853   0.0058669727   0.0148088164  -0.0006333324  -0.0023822937
        0.0029181312  -0.0025791709   0.0004874534  -0.0002617365  -0.0009995913
       -0.0854379998  -0.0381003318   0.0048885796  -0.0017030577   0.0039441014
       -0.0016707632   0.0007710267   0.0010924549  -0.0003507868  -0.0032458797
       -0.0052783582  -0.0134847289   0.0040890038   0.0056473849   0.0237445916
       -0.0000318272  -0.0000911559   0.0000218619   0.0000079420   0.0001398167
       -0.0000834008  -0.0000632157   0.0000295185   0.0000339724   0.0005717739
        0.0000109882   0.0000947494  -0.0007004395  -0.0094151242  -0.0078719468
       -0.0000933105  -0.0001920542   0.0003198893  -0.0004134940  -0.0003599525
       -0.0006924414   0.0000179154   0.0000271796   0.0000336564
       -0.0011309817   0.0010984452  -0.0009426571   0.0051304506   0.0034040028
        0.0169034669  -0.0373002715   0.4679777615  -0.0162268720  -0.0045026668
       -0.0059874291   0.0013659897  -0.0063295189  -0.0709679888  -0.0270017675
       -0.0028294050  -0.0439874531   0.0041563657   0.1012937065  -0.1411380896
        0.0516151861  -0.0029017254  -0.0276799092   0.0034353771   0.0027717349
       -0.0020013347   0.0025949876  -0.0003904349   0.0003813571   0.0003732723
       -0.0397625593  -0.1573206667   0.0062838047   0.0024834982  -0.0029372106
        0.0015716134  -0.0011222191   0.0007980100  -0.0002141659  -0.0077097172
       -0.0094627641  -0.0277140363   0.0001820664   0.0004953373  -0.0015968793
       -0.0001009597   0.0003423055  -0.0001855436  -0.0000157500  -0.0000794593
        0.0002151480   0.0000654986   0.0000853469   0.0000332005   0.0001934811
        0.0004897444  -0.0002766871  -0.0076927716  -0.0137156935  -0.0145858831
       -0.0000184771  -0.0000652918  -0.0000288562  -0.0004386043   0.0002918551
        0.0000895174   0.0001256262  -0.0000208753   0.0001354185
        0.0006242336  -0.0013859517   0.0006423638  -0.0094132056   0.0025926390
       -0.0178411561  -0.0168477944  -0.0162268720   0.4869425988   0.0076986858
        0.0129132271   0.0000425760  -0.0246778489  -0.0305339472  -0.1827871605
        0.1058981460   0.0038304283  -0.1151976778  -0.0497188228   0.0521842733
       -0.0678373885   0.0025457969   0.0102977335  -0.0000125818  -0.0017342465
        0.0017855965  -0.0005763696   0.0007646382  -0.0004768809   0.0010655211
        0.0057505454   0.0089673802  -0.0578003821  -0.0016281960   0.0020979085
       -0.0004424527   0.0003076315  -0.0006091528   0.0003317665  -0.0021223553
       -0.0035303193  -0.0056208527  -0.0009634985  -0.0048087286  -0.0232968528
        0.0001389735  -0.0002500043   0.0001843149   0.0000300931   0.0001699415
       -0.0000313939  -0.0000143414  -0.0000067959   0.0001113284   0.0006267615
       -0.0013441031   0.0007262027  -0.0162598363  -0.0355913407  -0.0179765405
       -0.0004550482  -0.0000240032  -0.0003116261  -0.0001207111  -0.0000855051
       -0.0001724486  -0.0004296007   0.0000344771  -0.0001417885
        0.0003906225  -0.0002190957   0.0009494575  -0.0000884877  -0.0000772773
       -0.0001733466  -0.0150182925  -0.0045026668   0.0076986858   0.2233222715
        0.0044402057  -0.1005044921   0.0002868993   0.0005215645   0.0005978169
       -0.0011771988  -0.0034121740   0.0003651086   0.0007385310   0.0006438409
        0.0000160040  -0.0213172548   0.0028618946   0.0088475425  -0.0000117026
       -0.0000008905  -0.0000592948   0.0001899994   0.0000821196   0.0000871022
       -0.1906481834  -0.0062632876   0.0801503011   0.0007944103  -0.0004388206
        0.0003369032  -0.0031936762   0.0034963426  -0.0013332816   0.0001962909
        0.0001472896  -0.0000732673   0.0002216642  -0.0003960072  -0.0005938835
        0.0003222658  -0.0000924494   0.0000285820   0.0000236826   0.0001958659
       -0.0008402185  -0.0007303460   0.0002277916   0.0002228507   0.0040166718
        0.0000140397  -0.0035979031   0.0017498865   0.0034220616   0.0066012639
        0.0003965501  -0.0003892071   0.0012560590  -0.0004390906  -0.0001640781
        0.0002554718  -0.0000255133  -0.0000970619  -0.0002374615
       -0.0001176868   0.0003886641  -0.0004542012  -0.0000556393   0.0001612342
       -0.0000787893  -0.0262373788  -0.0059874291   0.0129132271   0.0044402057
        0.0560354369  -0.0002620679  -0.0003928222   0.0004788291   0.0009156220
       -0.0034777505  -0.0054793117   0.0001592738  -0.0002608213   0.0006790688
        0.0003914615   0.0193549929  -0.0012748872  -0.0078987516   0.0000056454
       -0.0001029135   0.0000015610   0.0000956534  -0.0002159209   0.0000441826
       -0.0052155528  -0.0435905432   0.0036670780   0.0004039568   0.0002423240
       -0.0005243291   0.0034935128  -0.0023787691   0.0012779831   0.0002642907
        0.0000423321   0.0000031623   0.0001220033  -0.0001297259  -0.0004759500
       -0.0001531165  -0.0000868672  -0.0000949709  -0.0000253308   0.0001222816
        0.0001891384   0.0001232015  -0.0001928189  -0.0000502168  -0.0005771026
        0.0007093655   0.0007296624   0.0085145670   0.0008989484  -0.0109289570
       -0.0002700012   0.0000557456   0.0002047299  -0.0001788283  -0.0002560521
        0.0001712018   0.0001440013  -0.0001189915   0.0000999498
       -0.0010037863   0.0004428900   0.0008649078  -0.0000846650  -0.0000756259
       -0.0001000886   0.0035612842   0.0013659897   0.0000425760  -0.1005044921
       -0.0002620679   0.1205261816  -0.0007803885  -0.0005366530   0.0007883828
        0.0002741196   0.0003452682   0.0002113037   0.0000203582   0.0001353992
       -0.0001390890  -0.0080141409   0.0005539674   0.0047639017  -0.0000011377
        0.0000168938  -0.0000205190   0.0001353018   0.0000453127  -0.0001313910
        0.0833839501   0.0053664081  -0.0849990177   0.0000700307  -0.0004583389
        0.0001953900  -0.0017615789   0.0013869441  -0.0005073357   0.0000413167
        0.0000700828  -0.0000680745  -0.0000342121  -0.0002517000  -0.0000049210
        0.0000971104  -0.0000347030  -0.0000500918  -0.0000896984   0.0001673587
       -0.0002259053   0.0002841783  -0.0000825449  -0.0001828916   0.0032545978
       -0.0009234884   0.0007691047   0.0228353703  -0.0076032639  -0.0427717905
       -0.0016889621   0.0001107648   0.0004505908  -0.0001489816   0.0000979100
       -0.0000570268   0.0001544254   0.0001231962   0.0006458034
        0.0064413800  -0.0023417767   0.0027608041  -0.1240607993   0.0566400977
       -0.0300048214  -0.0724459010  -0.0063295189  -0.0246778489   0.0002868993
       -0.0003928222  -0.0007803885   0.5066041671   0.0239013575  -0.0273622421
        0.0041360358   0.0055417622   0.0234209199  -0.0061622570  -0.0030778384
       -0.0214978898   0.0000562833   0.0008087790  -0.0002026943  -0.0057018517
        0.0055952867  -0.0048039776  -0.0223960074   0.0195257982  -0.0081416394
       -0.0035075430  -0.0052360155  -0.0105754401  -0.0000690651  -0.0000685294
        0.0000210341   0.0000412276  -0.0000459561   0.0000237649  -0.0812007165
       -0.0848954993   0.0001350691  -0.2023056671  -0.0021641457   0.1027645256
        0.0001964554  -0.0030703510   0.0002198881   0.0009514267  -0.0011684067
        0.0002044815  -0.0000515031  -0.0000577296   0.0000649228   0.0000346881
       -0.0002138726   0.0001072160  -0.0009615089  -0.0030492586  -0.0018580820
        0.0000301362  -0.0000420132  -0.0000496048   0.0001060744   0.0001506767
        0.0002162465  -0.0000219538  -0.0000100242   0.0000157563
        0.0151678799  -0.0295939576   0.0108494403   0.0575428133  -0.1220528821
        0.0327944754  -0.0077838013  -0.0709679888  -0.0305339472   0.0005215645
        0.0004788291  -0.0005366530   0.0239013575   0.5137834688   0.0013139413
        0.0006251850   0.0003273343  -0.0006368481   0.0055267702   0.0038117576
        0.0180780819   0.0010000094   0.0026933336   0.0007078555  -0.0019492041
        0.0029559069  -0.0008698353   0.0037483928  -0.0016050152  -0.0001094921
       -0.0075044692  -0.0091821145  -0.0233438953  -0.0000288116   0.0005152032
        0.0000251563   0.0000609171  -0.0002670552  -0.0001977587  -0.0851502034
       -0.2331569880  -0.0041671043  -0.0021649380  -0.0458363918   0.0005308883
       -0.0016916674  -0.0060151263  -0.0000454245   0.0008746018   0.0008989576
       -0.0002110500   0.0001029433   0.0000951879  -0.0000240381   0.0000530111
       -0.0003234892   0.0002751725  -0.0028884998  -0.0068557264  -0.0037571823
        0.0000285164   0.0000242379  -0.0000724610   0.0000781540   0.0001175682
       -0.0000524556  -0.0000705215   0.0001549499  -0.0000168661
        0.0002335112   0.0032994869   0.0002228186  -0.0296670861   0.0313608114
       -0.0835320239  -0.0247888950  -0.0270017675  -0.1827871605   0.0005978169
        0.0009156220   0.0007883828  -0.0273622421   0.0013139413   0.4660566081
       -0.0012508126  -0.0054282186  -0.0220001195  -0.0053418694  -0.0017981892
       -0.0152586628   0.0000372372   0.0004527924  -0.0001121149  -0.0205958631
        0.0192676622  -0.0145683564   0.0099850955  -0.0092577590   0.0052168361
       -0.0050155054  -0.0095589920  -0.0074756847   0.0000522293   0.0002002923
        0.0000382301   0.0000920630  -0.0000714829  -0.0000031163   0.0000453934
       -0.0042181723  -0.0415166879   0.1028556684   0.0004911905  -0.1082363656
        0.0001416777  -0.0002956864   0.0008266609  -0.0003172498   0.0003398355
        0.0001834166   0.0000099557  -0.0000041266   0.0000970225  -0.0003705728
        0.0004395995  -0.0000496471   0.0004431021  -0.0001747286   0.0019700534
        0.0000440153  -0.0000406692  -0.0001121278   0.0001000025  -0.0001708330
        0.0001157723   0.0000723280  -0.0000606087   0.0001362660
        0.0000159755   0.0000353019   0.0000488316   0.0008892023  -0.0002731846
       -0.0008230976  -0.1977107404  -0.0028294050   0.1058981460  -0.0011771988
       -0.0034777505   0.0002741196   0.0041360358   0.0006251850  -0.0012508126
        0.2299511976   0.0054919400  -0.1238756211  -0.0235966602   0.0027734850
        0.0127700506   0.0007490187   0.0010165375  -0.0003012159  -0.0000478502
        0.0000106947  -0.0000698742  -0.0000376850  -0.0000070389  -0.0000805163
       -0.0150950012  -0.0049680450   0.0091426398  -0.0000163178   0.0002343039
       -0.0001470199   0.0004203445  -0.0000475335  -0.0000141114   0.0004437729
        0.0002761735  -0.0000676166   0.0005864436  -0.0000079684  -0.0009152822
       -0.0000037856  -0.0000371606  -0.0000128739  -0.0001519434   0.0000168348
       -0.0001016309  -0.0000753705   0.0000013332  -0.0000008602  -0.0001141933
       -0.0005512063  -0.0000109304   0.0008508455   0.0014436507  -0.0005254497
        0.0002672295   0.0001525701   0.0000101128  -0.0003101342   0.0001178606
        0.0000607255   0.0000268144   0.0000034217  -0.0000077130
        0.0000944117  -0.0000915771   0.0001362089  -0.0003348299   0.0003247173
        0.0005131541  -0.0027052289  -0.0439874531   0.0038304283  -0.0034121740
       -0.0054793117   0.0003452682   0.0055417622   0.0003273343  -0.0054282186
        0.0054919400   0.0510767886  -0.0033058135   0.0193034239  -0.0005238247
       -0.0106778270  -0.0011986595   0.0009168346   0.0002739756   0.0000702545
       -0.0001343719   0.0000158206   0.0001856361   0.0001603545   0.0001914498
       -0.0250393599  -0.0042484228   0.0161597687   0.0001582160   0.0002287249
       -0.0001870850   0.0003555483  -0.0005462116  -0.0000343585   0.0004571472
        0.0000328507  -0.0003263811  -0.0004469863   0.0003001435  -0.0017988657
       -0.0000253363  -0.0000569328  -0.0000129464   0.0000270124  -0.0001042647
       -0.0001752317   0.0000022676  -0.0000194566  -0.0000029263   0.0000406339
       -0.0000321828  -0.0000797394   0.0011341086   0.0019884219   0.0004147088
        0.0001355824  -0.0001271278   0.0001149199   0.0001306104  -0.0000023054
       -0.0000005110   0.0000340196  -0.0000027272   0.0000342013
       -0.0000830703   0.0002104430  -0.0001258199   0.0010590796  -0.0002501093
        0.0007328969   0.1061844216   0.0041563657  -0.1151976778   0.0003651086
        0.0001592738   0.0002113037   0.0234209199  -0.0006368481  -0.0220001195
       -0.1238756211  -0.0033058135   0.1359089638  -0.0071444436   0.0001027132
        0.0056775912   0.0001885792  -0.0001639886   0.0001584416  -0.0000224475
       -0.0001326129   0.0003994305  -0.0007992491   0.0002347568  -0.0001405860
        0.0018784036   0.0007256279  -0.0005359108  -0.0001262561  -0.0000948396
       -0.0000046062  -0.0001480350   0.0003619087   0.0002404555   0.0003607416
        0.0001508764   0.0006278978  -0.0007827939  -0.0016353699  -0.0067992776
       -0.0000277541  -0.0000185251  -0.0000449579  -0.0000904273  -0.0001774595
        0.0000227600   0.0000335530  -0.0000100084  -0.0000375000  -0.0003408880
        0.0001089962  -0.0001659492  -0.0000979392   0.0001517228   0.0011199370
        0.0000971784   0.0000463409  -0.0000849351  -0.0000517565   0.0000508044
        0.0000744411   0.0000026963  -0.0000342549  -0.0000367791
       -0.0000472883  -0.0000805579   0.0001436286   0.0002570738  -0.0008376544
       -0.0024750724  -0.1471897083   0.1012937065  -0.0497188228   0.0007385310
       -0.0002608213   0.0000203582  -0.0061622570   0.0055267702  -0.0053418694
       -0.0235966602   0.0193034239  -0.0071444436   0.1682716338  -0.1159705238
        0.0618378326   0.0002017362  -0.0017351513  -0.0001675904  -0.0003508570
        0.0004523911  -0.0005351548   0.0003390208  -0.0001656232   0.0000754340
        0.0070145872  -0.0065931547   0.0034100634   0.0003103933  -0.0003615043
        0.0000275385   0.0001430528  -0.0002332015  -0.0000571390  -0.0002747371
       -0.0000877993  -0.0000123454   0.0006611273  -0.0001183238   0.0004888150
        0.0000061403  -0.0000460310   0.0000107679  -0.0000015231  -0.0000186095
       -0.0000332800   0.0000943825   0.0000172689  -0.0000812366  -0.0001293043
       -0.0003711755  -0.0006582440  -0.0002557247   0.0009953684   0.0006689997
       -0.0001103252  -0.0001977699   0.0001370513   0.0000528109  -0.0004941942
       -0.0006397233   0.0000278953  -0.0000168332   0.0000444326
       -0.0000736657   0.0003127076  -0.0003321573  -0.0004132440   0.0008808721
       -0.0009051667   0.1013046850  -0.1411380896   0.0521842733   0.0006438409
        0.0006790688   0.0001353992  -0.0030778384   0.0038117576  -0.0017981892
        0.0027734850  -0.0005238247   0.0001027132  -0.1159705238   0.1658014884
       -0.0594909508  -0.0030002426  -0.0058318976  -0.0002719519  -0.0001342159
        0.0000395220  -0.0001162348  -0.0000645911  -0.0000785419  -0.0000465582
        0.0181552309  -0.0248265833   0.0105309023   0.0009561970  -0.0015424041
        0.0007267291  -0.0003495581   0.0001578029  -0.0000237006  -0.0002055960
        0.0005033452  -0.0001696737  -0.0001842415   0.0000861504   0.0002733803
       -0.0000327692   0.0000212104  -0.0000315771  -0.0000626996  -0.0000693215
       -0.0000264609   0.0000377188  -0.0000448102  -0.0000462108  -0.0000487037
       -0.0002492691   0.0002480410   0.0004807942   0.0014233062   0.0000594593
       -0.0002436075  -0.0001095422   0.0000753693  -0.0004699328   0.0004394141
       -0.0012100311  -0.0000205221   0.0002576386   0.0001325960
        0.0000525539  -0.0001709983   0.0002009194  -0.0013881997  -0.0017319676
       -0.0058706999  -0.0492684853   0.0516151861  -0.0678373885   0.0000160040
        0.0003914615  -0.0001390890  -0.0214978898   0.0180780819  -0.0152586628
        0.0127700506  -0.0106778270   0.0056775912   0.0618378326  -0.0594909508
        0.0833911725   0.0001947787  -0.0000347826   0.0006279287  -0.0011735038
        0.0010832364  -0.0009865221   0.0001129941  -0.0001497086  -0.0000685943
       -0.0000910753   0.0013017138   0.0006321573  -0.0001202674  -0.0000367607
       -0.0000144395  -0.0000748103   0.0000620176  -0.0000572476  -0.0000471440
        0.0001741180   0.0005963070  -0.0001130024   0.0005912320   0.0003909411
        0.0000236189  -0.0000512357  -0.0000110875  -0.0000005241  -0.0000267019
       -0.0000657016  -0.0000974796  -0.0000415503  -0.0000237897  -0.0004127847
       -0.0011384613  -0.0002823060  -0.0000687409   0.0004713568   0.0002425356
        0.0000875911   0.0001722108   0.0000085122  -0.0008603146  -0.0005683178
       -0.0010959514   0.0001187979   0.0001786476  -0.0000565852
       -0.0723207803  -0.0055633091  -0.0251949433  -0.0037963627  -0.0067238262
       -0.0119721930   0.0058669727  -0.0029017254   0.0025457969  -0.0213172548
        0.0193549929  -0.0080141409   0.0000562833   0.0010000094   0.0000372372
        0.0007490187  -0.0011986595   0.0001885792   0.0002017362  -0.0030002426
        0.0001947787   0.5034681368   0.0338601957  -0.0293541533  -0.0005135547
       -0.0028476497  -0.0005915813   0.0003432348  -0.0001770191  -0.0009288406
       -0.1182166486   0.0518152052  -0.0225510833  -0.0861320459  -0.0887000067
       -0.0014918158  -0.1990025476  -0.0026611944   0.1083332269  -0.0000589290
       -0.0000331937   0.0000144894   0.0000600713  -0.0000927340   0.0000469398
       -0.0059182109  -0.0030603292  -0.0211765014   0.0040911353   0.0054187274
        0.0236437597  -0.0000143457   0.0000196284   0.0000421780  -0.0000596925
        0.0003120494  -0.0018850300  -0.0074146219   0.0050459747  -0.0111855718
        0.0002663296  -0.0000055066  -0.0002356838  -0.0002091462  -0.0000786374
       -0.0001900414  -0.0001287778   0.0002172504  -0.0002754060
       -0.0065734965  -0.0710295410  -0.0297911567  -0.0089443345  -0.0122221075
       -0.0260250585   0.0148088164  -0.0276799092   0.0102977335   0.0028618946
       -0.0012748872   0.0005539674   0.0008087790   0.0026933336   0.0004527924
        0.0010165375   0.0009168346  -0.0001639886  -0.0017351513  -0.0058318976
       -0.0000347826   0.0338601957   0.5057426264   0.0074881008  -0.0024894417
       -0.0054116240  -0.0014910319   0.0005997707   0.0006736854  -0.0004965670
        0.0552223360  -0.1211508439   0.0304239832  -0.0895346319  -0.2311113661
       -0.0076924238  -0.0021351997  -0.0450450709   0.0011318551   0.0000134483
        0.0005139452   0.0000704538   0.0000996438  -0.0002342534  -0.0001706458
        0.0051152939   0.0038589058   0.0181236330   0.0005689651   0.0004802922
       -0.0009923978  -0.0000350872   0.0000599900  -0.0000322851   0.0001922523
       -0.0003156883  -0.0016198329  -0.0031786686   0.0061080276   0.0002599698
       -0.0000810548   0.0000090602   0.0001936774  -0.0001210259   0.0001527297
       -0.0000988104  -0.0003398414   0.0000977586  -0.0003871854
       -0.0252740887  -0.0276039537  -0.1843187959  -0.0043375597  -0.0085607613
       -0.0059717040  -0.0006333324   0.0034353771  -0.0000125818   0.0088475425
       -0.0078987516   0.0047639017  -0.0002026943   0.0007078555  -0.0001121149
       -0.0003012159   0.0002739756   0.0001584416  -0.0001675904  -0.0002719519
        0.0006279287  -0.0293541533   0.0074881008   0.4823522196  -0.0001523434
       -0.0004491886   0.0008741584   0.0003368965   0.0008494194   0.0009641131
       -0.0189698416   0.0262163416  -0.0723723657  -0.0012180333  -0.0076011668
       -0.0417667455   0.1082164550   0.0010793608  -0.1151604230   0.0000588735
        0.0001717787   0.0000377753   0.0000670851  -0.0000643857   0.0000885369
       -0.0054107660  -0.0016079669  -0.0156983106  -0.0009642502  -0.0055221073
       -0.0233661312  -0.0000121998   0.0000279954   0.0000857527   0.0002344471
       -0.0008377937  -0.0055016669  -0.0290153131   0.0193621012  -0.0246217503
       -0.0000452373  -0.0000834777   0.0000241976  -0.0004698178   0.0002629131
       -0.0003239150  -0.0012328624   0.0006262858  -0.0007505209
       -0.0027418381  -0.0053987547  -0.0119743403  -0.0522858764  -0.0104895350
       -0.0395567074  -0.0023822937   0.0027717349  -0.0017342465  -0.0000117026
        0.0000056454  -0.0000011377  -0.0057018517  -0.0019492041  -0.0205958631
       -0.0000478502   0.0000702545  -0.0000224475  -0.0003508570  -0.0001342159
       -0.0011735038  -0.0005135547  -0.0024894417  -0.0001523434   0.0604056164
        0.0120265818   0.0494508257   0.0028172447   0.0059936951   0.0268681295
        0.0003114207   0.0002054368   0.0003113598  -0.0001390537  -0.0002232780
       -0.0007143984  -0.0000291562  -0.0000550974  -0.0000601449   0.0003590196
       -0.0002958385   0.0002234476   0.0001219502  -0.0004020966  -0.0004902973
        0.0001843235   0.0004115781   0.0001882422  -0.0000693393  -0.0000393966
       -0.0005437855   0.0000413329  -0.0000092164   0.0000091983   0.0000921222
       -0.0000770679  -0.0000222701  -0.0000950162   0.0000625832  -0.0000516604
        0.0000106011   0.0000060347   0.0000115111   0.0000118914   0.0000167634
        0.0000343234   0.0000128670  -0.0000071652  -0.0000038913
       -0.0072628456  -0.0108833826  -0.0269384804  -0.0105846425  -0.0529515633
       -0.0519674155   0.0029181312  -0.0020013347   0.0017855965  -0.0000008905
       -0.0001029135   0.0000168938   0.0055952867   0.0029559069   0.0192676622
        0.0000106947  -0.0001343719  -0.0001326129   0.0004523911   0.0000395220
        0.0010832364  -0.0028476497  -0.0054116240  -0.0004491886   0.0120265818
        0.0665925787   0.0593190566   0.0002529210   0.0010417828  -0.0006687782
        0.0001364452  -0.0001764782   0.0001238220  -0.0006026967  -0.0007215551
       -0.0015495388  -0.0000202533  -0.0000388063   0.0003138310  -0.0000794461
        0.0003250715   0.0003617465  -0.0004101495   0.0004561226  -0.0000155100
        0.0002214832   0.0002180893  -0.0003689600   0.0001820024   0.0007002787
       -0.0002026409  -0.0000136401  -0.0000434077   0.0000037819  -0.0000175279
        0.0000686410   0.0000268737   0.0000746227   0.0000279437   0.0000224894
       -0.0000225740  -0.0000057783   0.0000027993  -0.0000003804   0.0000231779
       -0.0000270875  -0.0000078637   0.0000221004  -0.0000075764
       -0.0012565130  -0.0026305956  -0.0036496633  -0.0400010297  -0.0519940417
       -0.2528372491  -0.0025791709   0.0025949876  -0.0005763696  -0.0000592948
        0.0000015610  -0.0000205190  -0.0048039776  -0.0008698353  -0.0145683564
       -0.0000698742   0.0000158206   0.0003994305  -0.0005351548  -0.0001162348
       -0.0009865221  -0.0005915813  -0.0014910319   0.0008741584   0.0494508257
        0.0593190566   0.2922321685  -0.0000495268  -0.0049915628  -0.0222228590
        0.0004849222   0.0002587751   0.0003155128  -0.0002734743  -0.0001391672
       -0.0003593051  -0.0000809202   0.0001419188   0.0002818271   0.0003028149
        0.0001814231  -0.0000713457   0.0000500061  -0.0003542597   0.0005413549
        0.0002867167  -0.0001658960   0.0001691404  -0.0001675584   0.0002829300
        0.0004378659  -0.0000247316   0.0000150794  -0.0000000884   0.0001992384
       -0.0001217596   0.0000507057  -0.0002230845   0.0000223125  -0.0000491520
       -0.0000432998   0.0000079302   0.0000490601  -0.0000025516   0.0000525731
        0.0000226351  -0.0000127802  -0.0000199834  -0.0000324298
       -0.0137661117  -0.0045550450   0.0080642182  -0.2057351182  -0.0045973917
        0.1028172129   0.0004874534  -0.0003904349   0.0007646382   0.0001899994
        0.0000956534   0.0001353018  -0.0223960074   0.0037483928   0.0099850955
       -0.0000376850   0.0001856361  -0.0007992491   0.0003390208  -0.0000645911
        0.0001129941   0.0003432348   0.0005997707   0.0003368965   0.0028172447
        0.0002529210  -0.0000495268   0.2411185124   0.0045870220  -0.1195255167
       -0.0003154478  -0.0000928063  -0.0000323913   0.0002285309   0.0001692186
        0.0000350391   0.0001506068  -0.0003807901  -0.0005404317   0.0006475632
       -0.0002798495   0.0002119821  -0.0035815495   0.0036685173  -0.0015774636
        0.0006359466   0.0003843651  -0.0000625480  -0.0012371272  -0.0033485979
        0.0002723109  -0.0000160818   0.0000060598  -0.0000302099   0.0000961225
       -0.0001435732   0.0000376612   0.0000032198   0.0001349800  -0.0001741473
        0.0000093566   0.0000137866   0.0000157492   0.0000053780   0.0000241640
        0.0000148140   0.0000129387  -0.0000174078  -0.0000124292
       -0.0255858088  -0.0049000150   0.0146489115  -0.0045047596  -0.0415479466
        0.0017739198  -0.0002617365   0.0003813571  -0.0004768809   0.0000821196
       -0.0002159209   0.0000453127   0.0195257982  -0.0016050152  -0.0092577590
       -0.0000070389   0.0001603545   0.0002347568  -0.0001656232  -0.0000785419
       -0.0001497086  -0.0001770191   0.0006736854   0.0008494194   0.0059936951
        0.0010417828  -0.0049915628   0.0045870220   0.0533391616  -0.0038683136
       -0.0000973212   0.0001267002  -0.0000611844   0.0002645789   0.0000991349
        0.0001194041   0.0000542315  -0.0001027761  -0.0004912893   0.0003728418
        0.0001619546  -0.0004884998   0.0037289994  -0.0025137634   0.0016866514
       -0.0003119054   0.0005758952   0.0003571652  -0.0035433820  -0.0055246494
        0.0000551890  -0.0000001005  -0.0000141469   0.0000105640  -0.0000365528
        0.0000492511   0.0000055988   0.0000532004  -0.0000774681  -0.0000258360
        0.0000050656  -0.0000158259   0.0000052783   0.0000248663  -0.0000139678
        0.0000074271  -0.0000011707   0.0000007597   0.0000114362
        0.0013367134   0.0015469009  -0.0001166950   0.1030844490   0.0017949017
       -0.1106774188  -0.0009995913   0.0003732723   0.0010655211   0.0000871022
        0.0000441826  -0.0001313910  -0.0081416394  -0.0001094921   0.0052168361
       -0.0000805163   0.0001914498  -0.0001405860   0.0000754340  -0.0000465582
       -0.0000685943  -0.0009288406  -0.0004965670   0.0009641131   0.0268681295
       -0.0006687782  -0.0222228590  -0.1195255167  -0.0038683136   0.1254249887
       -0.0000699103  -0.0001043773  -0.0002303416  -0.0000333828   0.0000017193
       -0.0001493956  -0.0000102099  -0.0002413258   0.0001127447   0.0000119233
       -0.0004259562   0.0002177633  -0.0017940824   0.0012580812   0.0000474589
        0.0000414519   0.0002758935  -0.0000989449   0.0000040850   0.0004230173
        0.0007003649   0.0000521729  -0.0000066933  -0.0000020679  -0.0001113308
        0.0000529995  -0.0000601312   0.0000777427   0.0000245990   0.0001221865
        0.0000406956  -0.0000021867  -0.0000040163  -0.0000026119  -0.0000188637
        0.0000097788   0.0000177329   0.0000020950   0.0000206855
       -0.0059600485   0.0030362700  -0.0090448213   0.0000515921   0.0002878581
        0.0006152099  -0.0854379998  -0.0397625593   0.0057505454  -0.1906481834
       -0.0052155528   0.0833839501  -0.0035075430  -0.0075044692  -0.0050155054
       -0.0150950012  -0.0250393599   0.0018784036   0.0070145872   0.0181552309
       -0.0000910753  -0.1182166486   0.0552223360  -0.0189698416   0.0003114207
        0.0001364452   0.0004849222  -0.0003154478  -0.0000973212  -0.0000699103
        0.5055665139  -0.0173405700  -0.0247863495   0.0066657060  -0.0063599575
        0.0033956957  -0.0237804965   0.0194076769  -0.0073333288   0.0004031053
       -0.0001986930  -0.0006619262   0.0005202818   0.0008889371   0.0010443331
        0.0005073896  -0.0002951108  -0.0005219825   0.0008043564  -0.0003223697
        0.0014041716   0.0002235230  -0.0001310747  -0.0000533119  -0.0116047605
       -0.0090011091  -0.0268439421  -0.0651673360   0.0130207769   0.0030186669
        0.0009026528  -0.0005687535  -0.0041228677   0.0009346046  -0.0005138971
        0.0004868611  -0.0041722680   0.0021952666  -0.0039478972
       -0.0016526818   0.0041986395   0.0017743813   0.0001068858  -0.0002076163
        0.0006810939  -0.0381003318  -0.1573206667   0.0089673802  -0.0062632876
       -0.0435905432   0.0053664081  -0.0052360155  -0.0091821145  -0.0095589920
       -0.0049680450  -0.0042484228   0.0007256279  -0.0065931547  -0.0248265833
        0.0013017138   0.0518152052  -0.1211508439   0.0262163416   0.0002054368
       -0.0001764782   0.0002587751  -0.0000928063   0.0001267002  -0.0001043773
       -0.0173405700   0.4516212069  -0.0063699645   0.0187483969  -0.0255239163
        0.0111674902   0.0041850662  -0.0014459529   0.0003122701   0.0000613267
        0.0012669837  -0.0001628721  -0.0000925657   0.0005156468   0.0007095984
       -0.0008634069   0.0007368352  -0.0020080635  -0.0003123901   0.0003733885
       -0.0003329097   0.0000114609   0.0000270535   0.0000103587  -0.0027957384
        0.0053621300   0.0135118857   0.0066647080  -0.0770003933  -0.0551513550
        0.0005649307   0.0006266350   0.0000543875   0.0003352738   0.0001515109
        0.0014090155   0.0016123027  -0.0003331990   0.0012218062
       -0.0184679563   0.0146781413  -0.0181189055   0.0003292965   0.0006366504
        0.0020445350   0.0048885796   0.0062838047  -0.0578003821   0.0801503011
        0.0036670780  -0.0849990177  -0.0105754401  -0.0233438953  -0.0074756847
        0.0091426398   0.0161597687  -0.0005359108   0.0034100634   0.0105309023
        0.0006321573  -0.0225510833   0.0304239832  -0.0723723657   0.0003113598
        0.0001238220   0.0003155128  -0.0000323913  -0.0000611844  -0.0002303416
       -0.0247863495  -0.0063699645   0.4318056735  -0.0008229835   0.0016408821
        0.0002077906   0.0111881629  -0.0104088304   0.0053308855  -0.0016027747
       -0.0019095787  -0.0042570318  -0.0007351543  -0.0008920494   0.0002297313
       -0.0017155649  -0.0009684234  -0.0047093259  -0.0007501794   0.0005649228
        0.0001735594  -0.0002592313   0.0001013034   0.0001760062  -0.0148970904
        0.0047299978  -0.0253064068  -0.0133914426  -0.0454761350  -0.1694027769
        0.0028251943   0.0000619546   0.0038220329  -0.0001124375  -0.0015330500
        0.0010275215  -0.0015455185   0.0013598999  -0.0005572566
       -0.0032281287  -0.0075166018  -0.0016967261   0.0002032139  -0.0004559343
       -0.0022527090  -0.0017030577   0.0024834982  -0.0016281960   0.0007944103
        0.0004039568   0.0000700307  -0.0000690651  -0.0000288116   0.0000522293
       -0.0000163178   0.0001582160  -0.0001262561   0.0003103933   0.0009561970
       -0.0001202674  -0.0861320459  -0.0895346319  -0.0012180333  -0.0001390537
       -0.0006026967  -0.0002734743   0.0002285309   0.0002645789  -0.0000333828
        0.0066657060   0.0187483969  -0.0008229835   0.0976358334   0.1011686132
        0.0044879736  -0.0152297304  -0.0260228626   0.0020544983  -0.0000456451
        0.0000102334  -0.0000096554  -0.0000371407  -0.0000001933  -0.0000381434
       -0.0002700638  -0.0001676937  -0.0000846869   0.0004630359   0.0004574118
        0.0003635367   0.0000420802  -0.0000751873  -0.0000131584  -0.0001670105
        0.0001393905  -0.0000124257   0.0007029198  -0.0003921761   0.0012112648
       -0.0000340741   0.0000497843   0.0000124232  -0.0000188041  -0.0000196467
        0.0000492110   0.0000440138  -0.0000238410   0.0000289308
       -0.0048618151  -0.0086917379  -0.0027209103  -0.0004404244   0.0005541325
       -0.0026030846   0.0039441014  -0.0029372106   0.0020979085  -0.0004388206
        0.0002423240  -0.0004583389  -0.0000685294   0.0005152032   0.0002002923
        0.0002343039   0.0002287249  -0.0000948396  -0.0003615043  -0.0015424041
       -0.0000367607  -0.0887000067  -0.2311113661  -0.0076011668  -0.0002232780
       -0.0007215551  -0.0001391672   0.0001692186   0.0000991349   0.0000017193
       -0.0063599575  -0.0255239163   0.0016408821   0.1011686132   0.2699767846
        0.0090839777  -0.0038138488  -0.0032305383   0.0010852500   0.0000165008
        0.0000757046   0.0000216585   0.0000548118  -0.0000333348   0.0000077301
       -0.0000353732   0.0004722085   0.0001862146   0.0003114752   0.0000329258
        0.0001192591  -0.0000101229  -0.0000178594   0.0000097229  -0.0004893646
        0.0000635815  -0.0000556371   0.0001195400   0.0013949733  -0.0004932751
       -0.0000843762  -0.0000310632  -0.0000992610  -0.0000572731   0.0001243825
       -0.0001264504  -0.0000738700   0.0000609051  -0.0000257232
       -0.0129289186  -0.0264495028  -0.0046513377  -0.0014118844  -0.0016119736
       -0.0054765979  -0.0016707632   0.0015716134  -0.0004424527   0.0003369032
       -0.0005243291   0.0001953900   0.0000210341   0.0000251563   0.0000382301
       -0.0001470199  -0.0001870850  -0.0000046062   0.0000275385   0.0007267291
       -0.0000144395  -0.0014918158  -0.0076924238  -0.0417667455  -0.0007143984
       -0.0015495388  -0.0003593051   0.0000350391   0.0001194041  -0.0001493956
        0.0033956957   0.0111674902   0.0002077906   0.0044879736   0.0090839777
        0.0503855075   0.0097851388   0.0161112199   0.0002214883   0.0000030758
        0.0000235430  -0.0000435731  -0.0000346751   0.0000106387  -0.0000771403
       -0.0000152804  -0.0001490184   0.0005591645  -0.0000584021  -0.0003498364
        0.0005921674  -0.0000234339   0.0000170422  -0.0000451677  -0.0002202005
        0.0003096172  -0.0001697249   0.0003959232  -0.0004826110   0.0008991930
        0.0001033611  -0.0000201035   0.0000477655   0.0000896079  -0.0001339625
        0.0000724809   0.0000355013  -0.0000160469  -0.0000186916
        0.0041302985  -0.0000004725  -0.0011668057   0.0006481619   0.0000206428
       -0.0007776868   0.0007710267  -0.0011222191   0.0003076315  -0.0031936762
        0.0034935128  -0.0017615789   0.0000412276   0.0000609171   0.0000920630
        0.0004203445   0.0003555483  -0.0001480350   0.0001430528  -0.0003495581
       -0.0000748103  -0.1990025476  -0.0021351997   0.1082164550  -0.0000291562
       -0.0000202533  -0.0000809202   0.0001506068   0.0000542315  -0.0000102099
       -0.0237804965   0.0041850662   0.0111881629  -0.0152297304  -0.0038138488
        0.0097851388   0.2323971897   0.0005756124  -0.1248215814  -0.0000326640
        0.0000354879  -0.0000232259  -0.0001275264  -0.0000948282  -0.0001261516
        0.0005570753  -0.0001127388  -0.0001418614   0.0005661539  -0.0004265979
       -0.0008366627  -0.0000496012   0.0000342656  -0.0000315474   0.0002373531
       -0.0003339467   0.0000111178   0.0008270247  -0.0001530121   0.0002762223
        0.0003203416  -0.0000555956   0.0000153294   0.0001546772  -0.0001231209
        0.0001343257   0.0000808643  -0.0000738931  -0.0000253692
        0.0052727716   0.0002794607  -0.0043827835   0.0008284372   0.0005089606
       -0.0006521730   0.0010924549   0.0007980100  -0.0006091528   0.0034963426
       -0.0023787691   0.0013869441  -0.0000459561  -0.0002670552  -0.0000714829
       -0.0000475335  -0.0005462116   0.0003619087  -0.0002332015   0.0001578029
        0.0000620176  -0.0026611944  -0.0450450709   0.0010793608  -0.0000550974
       -0.0000388063   0.0001419188  -0.0003807901  -0.0001027761  -0.0002413258
        0.0194076769  -0.0014459529  -0.0104088304  -0.0260228626  -0.0032305383
        0.0161112199   0.0005756124   0.0507987651  -0.0012192796   0.0000091238
       -0.0000272416   0.0000109115  -0.0001046180  -0.0000152667   0.0001452445
       -0.0000947851   0.0000747872   0.0005561045   0.0000366961   0.0003442947
       -0.0015775139  -0.0000419272  -0.0000034677   0.0000153189  -0.0001080486
        0.0001391489   0.0000053998  -0.0008224024   0.0000206671  -0.0006790040
       -0.0000497821  -0.0000346758   0.0000044203   0.0000118658  -0.0000115313
       -0.0000339769  -0.0000627823   0.0000254665  -0.0000052467
        0.0234896488  -0.0011731402  -0.0220954531   0.0006597264   0.0006542146
        0.0007770717  -0.0003507868  -0.0002141659   0.0003317665  -0.0013332816
        0.0012779831  -0.0005073357   0.0000237649  -0.0001977587  -0.0000031163
       -0.0000141114  -0.0000343585   0.0002404555  -0.0000571390  -0.0000237006
       -0.0000572476   0.1083332269   0.0011318551  -0.1151604230  -0.0000601449
        0.0003138310   0.0002818271  -0.0005404317  -0.0004912893   0.0001127447
       -0.0073333288   0.0003122701   0.0053308855   0.0020544983   0.0010852500
        0.0002214883  -0.1248215814  -0.0012192796   0.1360616635  -0.0000325433
        0.0000017893  -0.0000562322  -0.0001159418   0.0001468505  -0.0001109912
        0.0004810906   0.0002272864   0.0004279009  -0.0008589944  -0.0017542142
       -0.0067200610   0.0000286405  -0.0000192068  -0.0000242491  -0.0005391796
        0.0002479956  -0.0001346329   0.0008554400  -0.0001767375   0.0011505123
        0.0000906939  -0.0000176497  -0.0000932265   0.0000260621  -0.0000540781
        0.0000338519   0.0000146726  -0.0000237466  -0.0000071993
       -0.0017035956   0.0027468724  -0.0012981804   0.0063062930   0.0182076696
       -0.0006751861  -0.0032458797  -0.0077097172  -0.0021223553   0.0001962909
        0.0002642907   0.0000413167  -0.0812007165  -0.0851502034   0.0000453934
        0.0004437729   0.0004571472   0.0003607416  -0.0002747371  -0.0002055960
       -0.0000471440  -0.0000589290   0.0000134483   0.0000588735   0.0003590196
       -0.0000794461   0.0003028149   0.0006475632   0.0003728418   0.0000119233
        0.0004031053   0.0000613267  -0.0016027747  -0.0000456451   0.0000165008
        0.0000030758  -0.0000326640   0.0000091238  -0.0000325433   0.0933543676
        0.0973121446   0.0034955024  -0.0153149093  -0.0266933786   0.0024161180
        0.0003352070   0.0009771198  -0.0001141615  -0.0000222920   0.0001039335
       -0.0001322671   0.0000334928   0.0000889004  -0.0000085750   0.0001569075
       -0.0001671185   0.0000762022  -0.0003133618  -0.0007209478  -0.0007701855
        0.0000015095   0.0000326440   0.0000301312  -0.0000066043   0.0000380528
       -0.0000111368  -0.0000181951   0.0000243911  -0.0000275833
        0.0040711147  -0.0030533831   0.0022435671  -0.0063321059  -0.0230902005
        0.0016457575  -0.0052783582  -0.0094627641  -0.0035303193   0.0001472896
        0.0000423321   0.0000700828  -0.0848954993  -0.2331569880  -0.0042181723
        0.0002761735   0.0000328507   0.0001508764  -0.0000877993   0.0005033452
        0.0001741180  -0.0000331937   0.0005139452   0.0001717787  -0.0002958385
        0.0003250715   0.0001814231  -0.0002798495   0.0001619546  -0.0004259562
       -0.0001986930   0.0012669837  -0.0019095787   0.0000102334   0.0000757046
        0.0000235430   0.0000354879  -0.0000272416   0.0000017893   0.0973121446
        0.2716804557   0.0051452089  -0.0039745516  -0.0033158878   0.0011531036
       -0.0003342341  -0.0016866610   0.0000346770   0.0002114122   0.0002188695
       -0.0000722539  -0.0000595440  -0.0000015991   0.0000074271   0.0001798807
       -0.0001467532   0.0001419068  -0.0004228318  -0.0009903605  -0.0009765969
       -0.0000255649   0.0000166403   0.0000353210   0.0000044273   0.0000702970
       -0.0000120792  -0.0000301001   0.0000233887  -0.0000356238
       -0.0017230929   0.0019431137  -0.0002873554   0.0034530810   0.0111194930
        0.0001545828  -0.0134847289  -0.0277140363  -0.0056208527  -0.0000732673
        0.0000031623  -0.0000680745   0.0001350691  -0.0041671043  -0.0415166879
       -0.0000676166  -0.0003263811   0.0006278978  -0.0000123454  -0.0001696737
        0.0005963070   0.0000144894   0.0000704538   0.0000377753   0.0002234476
        0.0003617465  -0.0000713457   0.0002119821  -0.0004884998   0.0002177633
       -0.0006619262  -0.0001628721  -0.0042570318  -0.0000096554   0.0000216585
       -0.0000435731  -0.0000232259   0.0000109115  -0.0000562322   0.0034955024
        0.0051452089   0.0517997291   0.0095892461   0.0159999222   0.0000318532
        0.0000536154   0.0007404412   0.0000288758  -0.0001722275  -0.0001919770
       -0.0000060127  -0.0000133363  -0.0000147787  -0.0000365014   0.0001055994
       -0.0001914956   0.0000356352  -0.0010595938  -0.0020849873  -0.0015915413
        0.0000284115   0.0000220910   0.0000050588   0.0000105850   0.0000414168
        0.0000381294  -0.0000200126   0.0000321867  -0.0000183992
        0.0008737715  -0.0009066461   0.0002250937  -0.0225761484   0.0038378397
        0.0099018983   0.0040890038   0.0001820664  -0.0009634985   0.0002216642
        0.0001220033  -0.0000342121  -0.2023056671  -0.0021649380   0.1028556684
        0.0005864436  -0.0004469863  -0.0007827939   0.0006611273  -0.0001842415
       -0.0001130024   0.0000600713   0.0000996438   0.0000670851   0.0001219502
       -0.0004101495   0.0000500061  -0.0035815495   0.0037289994  -0.0017940824
        0.0005202818  -0.0000925657  -0.0007351543  -0.0000371407   0.0000548118
       -0.0000346751  -0.0001275264  -0.0001046180  -0.0001159418  -0.0153149093
       -0.0039745516   0.0095892461   0.2360498543   0.0000369140  -0.1179593614
        0.0001279427  -0.0003213865  -0.0000934647   0.0004802516   0.0004547106
       -0.0001496888   0.0001037928   0.0000300430  -0.0000125705  -0.0000616071
        0.0000448376  -0.0001191281   0.0001059908   0.0000574688   0.0001811725
        0.0000203361   0.0000140113  -0.0000157576  -0.0000137473  -0.0000353951
        0.0000371240  -0.0000041863  -0.0000218715   0.0000160374
        0.0011607785   0.0008152911  -0.0006243489   0.0189592721  -0.0016661357
       -0.0095398249   0.0056473849   0.0004953373  -0.0048087286  -0.0003960072
       -0.0001297259  -0.0002517000  -0.0021641457  -0.0458363918   0.0004911905
       -0.0000079684   0.0003001435  -0.0016353699  -0.0001183238   0.0000861504
        0.0005912320  -0.0000927340  -0.0002342534  -0.0000643857  -0.0004020966
        0.0004561226  -0.0003542597   0.0036685173  -0.0025137634   0.0012580812
        0.0008889371   0.0005156468  -0.0008920494  -0.0000001933  -0.0000333348
        0.0000106387  -0.0000948282  -0.0000152667   0.0001468505  -0.0266933786
       -0.0033158878   0.0159999222   0.0000369140   0.0515987385  -0.0010755663
       -0.0001956403   0.0001345845   0.0000590206  -0.0001303429  -0.0004533240
        0.0003462267   0.0000105512  -0.0001442010  -0.0000112910  -0.0000858437
        0.0001195940  -0.0000298490  -0.0000191343  -0.0001294236   0.0003522366
       -0.0000007908  -0.0000066497  -0.0000138693   0.0000124222  -0.0000308790
        0.0000208736   0.0000166505  -0.0000123718   0.0000249699
       -0.0003178381  -0.0000562554   0.0003657853  -0.0083927349   0.0006149451
        0.0054728674   0.0237445916  -0.0015968793  -0.0232968528  -0.0005938835
       -0.0004759500  -0.0000049210   0.1027645256   0.0005308883  -0.1082363656
       -0.0009152822  -0.0017988657  -0.0067992776   0.0004888150   0.0002733803
        0.0003909411   0.0000469398  -0.0001706458   0.0000885369  -0.0004902973
       -0.0000155100   0.0005413549  -0.0015774636   0.0016866514   0.0000474589
        0.0010443331   0.0007095984   0.0002297313  -0.0000381434   0.0000077301
       -0.0000771403  -0.0001261516   0.0001452445  -0.0001109912   0.0024161180
        0.0011531036   0.0000318532  -0.1179593614  -0.0010755663   0.1308863634
       -0.0000735551  -0.0000573367  -0.0000590479   0.0000439726  -0.0000923605
        0.0001649067   0.0000944410   0.0000116204  -0.0001101728   0.0000529675
        0.0000149766  -0.0000106258  -0.0001940760   0.0001858966   0.0004853418
       -0.0000862808  -0.0000661510   0.0000198975   0.0000724196   0.0000300029
       -0.0000551191  -0.0000040559   0.0000414824   0.0000354756
       -0.1439370491   0.1016526342  -0.0518223539   0.0065584148  -0.0072411035
        0.0034677252  -0.0000318272  -0.0001009597   0.0001389735   0.0003222658
       -0.0001531165   0.0000971104   0.0001964554  -0.0016916674   0.0001416777
       -0.0000037856  -0.0000253363  -0.0000277541   0.0000061403  -0.0000327692
        0.0000236189  -0.0059182109   0.0051152939  -0.0054107660   0.0001843235
        0.0002214832   0.0002867167   0.0006359466  -0.0003119054   0.0000414519
        0.0005073896  -0.0008634069  -0.0017155649  -0.0002700638  -0.0000353732
       -0.0000152804   0.0005570753  -0.0000947851   0.0004810906   0.0003352070
       -0.0003342341   0.0000536154   0.0001279427  -0.0001956403  -0.0000735551
        0.1649511964  -0.1160949017   0.0625042269  -0.0237283233   0.0198700762
       -0.0072774614  -0.0000322208  -0.0000108407   0.0000220456   0.0001628914
       -0.0000943973  -0.0001226364  -0.0005788326   0.0003825618  -0.0007881838
        0.0000069244   0.0000093015   0.0000489727  -0.0000056258   0.0000244806
        0.0000088456  -0.0000462343   0.0000046057  -0.0000625150
        0.1015125169  -0.1432134587   0.0546297530   0.0174184807  -0.0240843758
        0.0098164324  -0.0000911559   0.0003423055  -0.0002500043  -0.0000924494
       -0.0000868672  -0.0000347030  -0.0030703510  -0.0060151263  -0.0002956864
       -0.0000371606  -0.0000569328  -0.0000185251  -0.0000460310   0.0000212104
       -0.0000512357  -0.0030603292   0.0038589058  -0.0016079669   0.0004115781
        0.0002180893  -0.0001658960   0.0003843651   0.0005758952   0.0002758935
       -0.0002951108   0.0007368352  -0.0009684234  -0.0001676937   0.0004722085
       -0.0001490184  -0.0001127388   0.0000747872   0.0002272864   0.0009771198
       -0.0016866610   0.0007404412  -0.0003213865   0.0001345845  -0.0000573367
       -0.1160949017   0.1691070216  -0.0620781526   0.0028662002  -0.0004810588
        0.0001154326   0.0000319811  -0.0000371374  -0.0000052665  -0.0002402151
        0.0001235635  -0.0001473158   0.0000123673   0.0000464211   0.0000360584
        0.0000161140  -0.0000212689  -0.0000227212   0.0000089770  -0.0000446573
       -0.0000065801  -0.0000101765   0.0000157165   0.0000175347
       -0.0515597027   0.0544458347  -0.0703683769   0.0001773233   0.0006032518
        0.0006277712   0.0000218619  -0.0001855436   0.0001843149   0.0000285820
       -0.0000949709  -0.0000500918   0.0002198881  -0.0000454245   0.0008266609
       -0.0000128739  -0.0000129464  -0.0000449579   0.0000107679  -0.0000315771
       -0.0000110875  -0.0211765014   0.0181236330  -0.0156983106   0.0001882422
       -0.0003689600   0.0001691404  -0.0000625480   0.0003571652  -0.0000989449
       -0.0005219825  -0.0020080635  -0.0047093259  -0.0000846869   0.0001862146
        0.0005591645  -0.0001418614   0.0005561045   0.0004279009  -0.0001141615
        0.0000346770   0.0000288758  -0.0000934647   0.0000590206  -0.0000590479
        0.0625042269  -0.0620781526   0.0844128929   0.0122859272  -0.0105364464
        0.0056607943  -0.0000227507   0.0000079265  -0.0000287994  -0.0000157170
       -0.0000409195  -0.0005417453  -0.0015443813   0.0009682056  -0.0012427488
        0.0000372375  -0.0000162742   0.0000482453  -0.0000117610   0.0000320925
        0.0000030799  -0.0001116641   0.0000451528  -0.0000954040
       -0.2018789797  -0.0030876690   0.1033621952  -0.0141890161  -0.0048619456
        0.0080174524   0.0000079420  -0.0000157500   0.0000300931   0.0000236826
       -0.0000253308  -0.0000896984   0.0009514267   0.0008746018  -0.0003172498
       -0.0001519434   0.0000270124  -0.0000904273  -0.0000015231  -0.0000626996
       -0.0000005241   0.0040911353   0.0005689651  -0.0009642502  -0.0000693393
        0.0001820024  -0.0001675584  -0.0012371272  -0.0035433820   0.0000040850
        0.0008043564  -0.0003123901  -0.0007501794   0.0004630359   0.0003114752
       -0.0000584021   0.0005661539   0.0000366961  -0.0008589944  -0.0000222920
        0.0002114122  -0.0001722275   0.0004802516  -0.0001303429   0.0000439726
       -0.0237283233   0.0028662002   0.0122859272   0.2337647702   0.0069139989
       -0.1202668649   0.0000656662  -0.0000565987   0.0000009631  -0.0001256433
        0.0000756694  -0.0000793255   0.0001584899   0.0000700602   0.0000524056
        0.0000174520   0.0000065685  -0.0000272690   0.0000008675  -0.0000419680
        0.0000206707   0.0000089572  -0.0000065856   0.0000252063
       -0.0029268754  -0.0441174244   0.0043150030  -0.0253216094  -0.0050999633
        0.0151297116   0.0001398167  -0.0000794593   0.0001699415   0.0001958659
        0.0001222816   0.0001673587  -0.0011684067   0.0008989576   0.0003398355
        0.0000168348  -0.0001042647  -0.0001774595  -0.0000186095  -0.0000693215
       -0.0000267019   0.0054187274   0.0004802922  -0.0055221073  -0.0000393966
        0.0007002787   0.0002829300  -0.0033485979  -0.0055246494   0.0004230173
       -0.0003223697   0.0003733885   0.0005649228   0.0004574118   0.0000329258
       -0.0003498364  -0.0004265979   0.0003442947  -0.0017542142   0.0001039335
        0.0002188695  -0.0001919770   0.0004547106  -0.0004533240  -0.0000923605
        0.0198700762  -0.0004810588  -0.0105364464   0.0069139989   0.0530075576
       -0.0027170849  -0.0000647907  -0.0000809791   0.0000004838  -0.0000253069
        0.0000479833   0.0000163639   0.0001159447  -0.0002064770  -0.0000644026
       -0.0000143713   0.0000172510   0.0000092700  -0.0000107490  -0.0000163593
        0.0000244492   0.0000003605  -0.0000107998  -0.0000106966
        0.1033206502   0.0044179146  -0.1108888870   0.0011212141   0.0009356359
        0.0003330672  -0.0000834008   0.0002151480  -0.0000313939  -0.0008402185
        0.0001891384  -0.0002259053   0.0002044815  -0.0002110500   0.0001834166
       -0.0001016309  -0.0001752317   0.0000227600  -0.0000332800  -0.0000264609
       -0.0000657016   0.0236437597  -0.0009923978  -0.0233661312  -0.0005437855
       -0.0002026409   0.0004378659   0.0002723109   0.0000551890   0.0007003649
        0.0014041716  -0.0003329097   0.0001735594   0.0003635367   0.0001192591
        0.0005921674  -0.0008366627  -0.0015775139  -0.0067200610  -0.0001322671
       -0.0000722539  -0.0000060127  -0.0001496888   0.0003462267   0.0001649067
       -0.0072774614   0.0001154326   0.0056607943  -0.1202668649  -0.0027170849
        0.1324335455   0.0000531830  -0.0000132866  -0.0000731572  -0.0000220807
        0.0000814608   0.0000328558  -0.0000655356  -0.0001579760   0.0006145354
       -0.0000698475  -0.0000027929  -0.0000032018   0.0000147351   0.0000163143
       -0.0000080849   0.0000246817  -0.0000101203   0.0000386975
       -0.0000435627   0.0000152382   0.0000456109   0.0000087964   0.0000420211
        0.0000159886  -0.0000632157   0.0000654986  -0.0000143414  -0.0007303460
        0.0001232015   0.0002841783  -0.0000515031   0.0001029433   0.0000099557
       -0.0000753705   0.0000022676   0.0000335530   0.0000943825   0.0000377188
       -0.0000974796  -0.0000143457  -0.0000350872  -0.0000121998   0.0000413329
       -0.0000136401  -0.0000247316  -0.0000160818  -0.0000001005   0.0000521729
        0.0002235230   0.0000114609  -0.0002592313   0.0000420802  -0.0000101229
       -0.0000234339  -0.0000496012  -0.0000419272   0.0000286405   0.0000334928
       -0.0000595440  -0.0000133363   0.0001037928   0.0000105512   0.0000944410
       -0.0000322208   0.0000319811  -0.0000227507   0.0000656662  -0.0000647907
        0.0000531830   0.0007798511  -0.0003158105  -0.0005331614   0.0000569620
        0.0001149651   0.0000122480  -0.0000433930  -0.0000556233   0.0001499324
       -0.0003399189   0.0000115415   0.0002772432   0.0000190425  -0.0000261969
       -0.0000780547  -0.0000093631   0.0000534544   0.0000215730
        0.0000550310   0.0001108037   0.0000027627  -0.0000226642   0.0001068239
       -0.0000083298   0.0000295185   0.0000853469  -0.0000067959   0.0002277916
       -0.0001928189  -0.0000825449  -0.0000577296   0.0000951879  -0.0000041266
        0.0000013332  -0.0000194566  -0.0000100084   0.0000172689  -0.0000448102
       -0.0000415503   0.0000196284   0.0000599900   0.0000279954  -0.0000092164
       -0.0000434077   0.0000150794   0.0000060598  -0.0000141469  -0.0000066933
       -0.0001310747   0.0000270535   0.0001013034  -0.0000751873  -0.0000178594
        0.0000170422   0.0000342656  -0.0000034677  -0.0000192068   0.0000889004
       -0.0000015991  -0.0000147787   0.0000300430  -0.0001442010   0.0000116204
       -0.0000108407  -0.0000371374   0.0000079265  -0.0000565987  -0.0000809791
       -0.0000132866  -0.0003158105   0.0001468496   0.0002276554  -0.0000684402
        0.0000314533   0.0000637147   0.0000995153   0.0001009244  -0.0001161569
        0.0001003553  -0.0001587250  -0.0001571981   0.0000750280   0.0000075819
       -0.0000210273  -0.0000371768  -0.0000134061   0.0000266036
        0.0000182113   0.0000185710   0.0000612099   0.0000240281  -0.0000203023
        0.0000258231   0.0000339724   0.0000332005   0.0001113284   0.0002228507
       -0.0000502168  -0.0001828916   0.0000649228  -0.0000240381   0.0000970225
       -0.0000008602  -0.0000029263  -0.0000375000  -0.0000812366  -0.0000462108
       -0.0000237897   0.0000421780  -0.0000322851   0.0000857527   0.0000091983
        0.0000037819  -0.0000000884  -0.0000302099   0.0000105640  -0.0000020679
       -0.0000533119   0.0000103587   0.0001760062  -0.0000131584   0.0000097229
       -0.0000451677  -0.0000315474   0.0000153189  -0.0000242491  -0.0000085750
        0.0000074271  -0.0000365014  -0.0000125705  -0.0000112910  -0.0001101728
        0.0000220456  -0.0000052665  -0.0000287994   0.0000009631   0.0000004838
       -0.0000731572  -0.0005331614   0.0002276554   0.0004804918   0.0000870452
       -0.0001664770   0.0001382759   0.0000445832   0.0000299950  -0.0001219448
        0.0003491407  -0.0000230903  -0.0005355755  -0.0000734234  -0.0000000621
        0.0000339779  -0.0000810845   0.0000150871   0.0000120172
        0.0000181250   0.0003737031  -0.0003019556  -0.0002741194   0.0001215502
        0.0001049129   0.0005717739   0.0001934811   0.0006267615   0.0040166718
       -0.0005771026   0.0032545978   0.0000346881   0.0000530111  -0.0003705728
       -0.0001141933   0.0000406339  -0.0003408880  -0.0001293043  -0.0000487037
       -0.0004127847  -0.0000596925   0.0001922523   0.0002344471   0.0000921222
       -0.0000175279   0.0001992384   0.0000961225  -0.0000365528  -0.0001113308
       -0.0116047605  -0.0027957384  -0.0148970904  -0.0001670105  -0.0004893646
       -0.0002202005   0.0002373531  -0.0001080486  -0.0005391796   0.0001569075
        0.0001798807   0.0001055994  -0.0000616071  -0.0000858437   0.0000529675
        0.0001628914  -0.0002402151  -0.0000157170  -0.0001256433  -0.0000253069
       -0.0000220807   0.0000569620  -0.0000684402   0.0000870452   0.4265749343
        0.0177361505  -0.0234817941  -0.1606004192   0.0676581733  -0.0507300917
       -0.1671043977  -0.0195609188   0.1008032882  -0.0483976144  -0.0452518933
        0.0101722851  -0.0433797898  -0.0172431796  -0.0241974572
       -0.0001579997   0.0000177269   0.0000237194   0.0001881564  -0.0001849622
       -0.0001476713   0.0000109882   0.0004897444  -0.0013441031   0.0000140397
        0.0007093655  -0.0009234884  -0.0002138726  -0.0003234892   0.0004395995
       -0.0005512063  -0.0000321828   0.0001089962  -0.0003711755  -0.0002492691
       -0.0011384613   0.0003120494  -0.0003156883  -0.0008377937  -0.0000770679
        0.0000686410  -0.0001217596  -0.0001435732   0.0000492511   0.0000529995
       -0.0090011091   0.0053621300   0.0047299978   0.0001393905   0.0000635815
        0.0003096172  -0.0003339467   0.0001391489   0.0002479956  -0.0001671185
       -0.0001467532  -0.0001914956   0.0000448376   0.0001195940   0.0000149766
       -0.0000943973   0.0001235635  -0.0000409195   0.0000756694   0.0000479833
        0.0000814608   0.0001149651   0.0000314533  -0.0001664770   0.0177361505
        0.4788520794   0.0356120752   0.0721996548  -0.0953432232   0.0189446453
       -0.0209961952  -0.0473749458   0.0131878783  -0.0435329298  -0.2378731388
        0.0330752970  -0.0151953100  -0.1042306104  -0.1019170890
       -0.0010846273   0.0012586751  -0.0006213978  -0.0000042795   0.0000181037
       -0.0000127705   0.0000947494  -0.0002766871   0.0007262027  -0.0035979031
        0.0007296624   0.0007691047   0.0001072160   0.0002751725  -0.0000496471
       -0.0000109304  -0.0000797394  -0.0001659492  -0.0006582440   0.0002480410
       -0.0002823060  -0.0018850300  -0.0016198329  -0.0055016669  -0.0000222701
        0.0000268737   0.0000507057   0.0000376612   0.0000055988  -0.0000601312
       -0.0268439421   0.0135118857  -0.0253064068  -0.0000124257  -0.0000556371
       -0.0001697249   0.0000111178   0.0000053998  -0.0001346329   0.0000762022
        0.0001419068   0.0000356352  -0.0001191281  -0.0000298490  -0.0000106258
       -0.0001226364  -0.0001473158  -0.0005417453  -0.0000793255   0.0000163639
        0.0000328558   0.0000122480   0.0000637147   0.0001382759  -0.0234817941
        0.0356120752   0.4999716597  -0.0331671332   0.0089378715  -0.0840387921
        0.1014086325   0.0133771945  -0.1231049822   0.0095462890   0.0335365866
       -0.0498576956  -0.0202044464  -0.1055560646  -0.2118659652
       -0.0032924026   0.0034137959  -0.0015629963   0.0003874512  -0.0001110112
        0.0000962316  -0.0007004395  -0.0076927716  -0.0162598363   0.0017498865
        0.0085145670   0.0228353703  -0.0009615089  -0.0028884998   0.0004431021
        0.0008508455   0.0011341086  -0.0000979392  -0.0002557247   0.0004807942
       -0.0000687409  -0.0074146219  -0.0031786686  -0.0290153131  -0.0000950162
        0.0000746227  -0.0002230845   0.0000032198   0.0000532004   0.0000777427
       -0.0651673360   0.0066647080  -0.0133914426   0.0007029198   0.0001195400
        0.0003959232   0.0008270247  -0.0008224024   0.0008554400  -0.0003133618
       -0.0004228318  -0.0010595938   0.0001059908  -0.0000191343  -0.0001940760
       -0.0005788326   0.0000123673  -0.0015443813   0.0001584899   0.0001159447
       -0.0000655356  -0.0000433930   0.0000995153   0.0000445832  -0.1606004192
        0.0721996548  -0.0331671332   0.2934657232  -0.1162724871   0.0985963239
       -0.0452987984   0.0186428297  -0.0098542777  -0.0042824735   0.0178923069
       -0.0073742267  -0.0092472231   0.0019898512  -0.0094661398
        0.0027445340  -0.0019746232   0.0020206527   0.0000771009   0.0002497366
        0.0003054384  -0.0094151242  -0.0137156935  -0.0355913407   0.0034220616
        0.0008989484  -0.0076032639  -0.0030492586  -0.0068557264  -0.0001747286
        0.0014436507   0.0019884219   0.0001517228   0.0009953684   0.0014233062
        0.0004713568   0.0050459747   0.0061080276   0.0193621012   0.0000625832
        0.0000279437   0.0000223125   0.0001349800  -0.0000774681   0.0000245990
        0.0130207769  -0.0770003933  -0.0454761350  -0.0003921761   0.0013949733
       -0.0004826110  -0.0001530121   0.0000206671  -0.0001767375  -0.0007209478
       -0.0009903605  -0.0020849873   0.0000574688  -0.0001294236   0.0001858966
        0.0003825618   0.0000464211   0.0009682056   0.0000700602  -0.0002064770
       -0.0001579760  -0.0000556233   0.0001009244   0.0000299950   0.0676581733
       -0.0953432232   0.0089378715  -0.1162724871   0.1987127481   0.0458698243
        0.0103757918   0.0009536765  -0.0016940384   0.0339342656  -0.0227816153
        0.0193038561  -0.0093667228   0.0071492093  -0.0042120143
       -0.0027851770   0.0030429264  -0.0000300405   0.0005778915  -0.0000001725
        0.0001362988  -0.0078719468  -0.0145858831  -0.0179765405   0.0066012639
       -0.0109289570  -0.0427717905  -0.0018580820  -0.0037571823   0.0019700534
       -0.0005254497   0.0004147088   0.0011199370   0.0006689997   0.0000594593
        0.0002425356  -0.0111855718   0.0002599698  -0.0246217503  -0.0000516604
        0.0000224894  -0.0000491520  -0.0001741473  -0.0000258360   0.0001221865
        0.0030186669  -0.0551513550  -0.1694027769   0.0012112648  -0.0004932751
        0.0008991930   0.0002762223  -0.0006790040   0.0011505123  -0.0007701855
       -0.0009765969  -0.0015915413   0.0001811725   0.0003522366   0.0004853418
       -0.0007881838   0.0000360584  -0.0012427488   0.0000524056  -0.0000644026
        0.0006145354   0.0001499324  -0.0001161569  -0.0001219448  -0.0507300917
        0.0189446453  -0.0840387921   0.0985963239   0.0458698243   0.3537314341
        0.0048667670  -0.0065903435   0.0073423763  -0.0104599471   0.0127421801
       -0.0048577842  -0.0290004674   0.0116246664  -0.0211095425
        0.0000939828  -0.0000869903   0.0000563647   0.0000450179  -0.0000027309
        0.0000002025  -0.0000933105  -0.0000184771  -0.0004550482   0.0003965501
       -0.0002700012  -0.0016889621   0.0000301362   0.0000285164   0.0000440153
        0.0002672295   0.0001355824   0.0000971784  -0.0001103252  -0.0002436075
        0.0000875911   0.0002663296  -0.0000810548  -0.0000452373   0.0000106011
       -0.0000225740  -0.0000432998   0.0000093566   0.0000050656   0.0000406956
        0.0009026528   0.0005649307   0.0028251943  -0.0000340741  -0.0000843762
        0.0001033611   0.0003203416  -0.0000497821   0.0000906939   0.0000015095
       -0.0000255649   0.0000284115   0.0000203361  -0.0000007908  -0.0000862808
        0.0000069244   0.0000161140   0.0000372375   0.0000174520  -0.0000143713
       -0.0000698475  -0.0003399189   0.0001003553   0.0003491407  -0.1671043977
       -0.0209961952   0.1014086325  -0.0452987984   0.0103757918   0.0048667670
        0.2159857658   0.0155142192  -0.1170800363  -0.0075977992  -0.0051580297
        0.0087717317   0.0022044379   0.0003139706   0.0006614943
       -0.0000359026   0.0000455891   0.0000181260  -0.0000210106   0.0000125034
        0.0000033752  -0.0001920542  -0.0000652918  -0.0000240032  -0.0003892071
        0.0000557456   0.0001107648  -0.0000420132   0.0000242379  -0.0000406692
        0.0001525701  -0.0001271278   0.0000463409  -0.0001977699  -0.0001095422
        0.0001722108  -0.0000055066   0.0000090602  -0.0000834777   0.0000060347
       -0.0000057783   0.0000079302   0.0000137866  -0.0000158259  -0.0000021867
       -0.0005687535   0.0006266350   0.0000619546   0.0000497843  -0.0000310632
       -0.0000201035  -0.0000555956  -0.0000346758  -0.0000176497   0.0000326440
        0.0000166403   0.0000220910   0.0000140113  -0.0000066497  -0.0000661510
        0.0000093015  -0.0000212689  -0.0000162742   0.0000065685   0.0000172510
       -0.0000027929   0.0000115415  -0.0001587250  -0.0000230903  -0.0195609188
       -0.0473749458   0.0133771945   0.0186428297   0.0009536765  -0.0065903435
        0.0155142192   0.0525455540  -0.0162076005  -0.0255783335  -0.0078827508
        0.0211252332   0.0121937742   0.0015267521  -0.0118508786
        0.0000157544  -0.0000439975  -0.0000723359  -0.0000545260   0.0000044416
       -0.0000222402   0.0003198893  -0.0000288562  -0.0003116261   0.0012560590
        0.0002047299   0.0004505908  -0.0000496048  -0.0000724610  -0.0001121278
        0.0000101128   0.0001149199  -0.0000849351   0.0001370513   0.0000753693
        0.0000085122  -0.0002356838   0.0001936774   0.0000241976   0.0000115111
        0.0000027993   0.0000490601   0.0000157492   0.0000052783  -0.0000040163
       -0.0041228677   0.0000543875   0.0038220329   0.0000124232  -0.0000992610
        0.0000477655   0.0000153294   0.0000044203  -0.0000932265   0.0000301312
        0.0000353210   0.0000050588  -0.0000157576  -0.0000138693   0.0000198975
        0.0000489727  -0.0000227212   0.0000482453  -0.0000272690   0.0000092700
       -0.0000032018   0.0002772432  -0.0001571981  -0.0005355755   0.1008032882
        0.0131878783  -0.1231049822  -0.0098542777  -0.0016940384   0.0073423763
       -0.1170800363  -0.0162076005   0.1376317246   0.0066269953   0.0024121696
       -0.0049567831   0.0218595125   0.0020353407  -0.0201484110
       -0.0000498718  -0.0000188985  -0.0000692705   0.0000033992  -0.0000161506
        0.0000146807  -0.0004134940  -0.0004386043  -0.0001207111  -0.0004390906
       -0.0001788283  -0.0001489816   0.0001060744   0.0000781540   0.0001000025
       -0.0003101342   0.0001306104  -0.0000517565   0.0000528109  -0.0004699328
       -0.0008603146  -0.0002091462  -0.0001210259  -0.0004698178   0.0000118914
       -0.0000003804  -0.0000025516   0.0000053780   0.0000248663  -0.0000026119
        0.0009346046   0.0003352738  -0.0001124375  -0.0000188041  -0.0000572731
        0.0000896079   0.0001546772   0.0000118658   0.0000260621  -0.0000066043
        0.0000044273   0.0000105850  -0.0000137473   0.0000124222   0.0000724196
       -0.0000056258   0.0000089770  -0.0000117610   0.0000008675  -0.0000107490
        0.0000147351   0.0000190425   0.0000750280  -0.0000734234  -0.0483976144
       -0.0435329298   0.0095462890  -0.0042824735   0.0339342656  -0.0104599471
       -0.0075977992  -0.0255783335   0.0066269953   0.0605463135   0.0400345616
       -0.0051101907  -0.0000906542  -0.0042273459   0.0009923980
        0.0000350287   0.0000602011  -0.0000640778  -0.0000757258   0.0000747692
       -0.0000102329  -0.0003599525   0.0002918551  -0.0000855051  -0.0001640781
       -0.0002560521   0.0000979100   0.0001506767   0.0001175682  -0.0001708330
        0.0001178606  -0.0000023054   0.0000508044  -0.0004941942   0.0004394141
       -0.0005683178  -0.0000786374   0.0001527297   0.0002629131   0.0000167634
        0.0000231779   0.0000525731   0.0000241640  -0.0000139678  -0.0000188637
       -0.0005138971   0.0001515109  -0.0015330500  -0.0000196467   0.0001243825
       -0.0001339625  -0.0001231209  -0.0000115313  -0.0000540781   0.0000380528
        0.0000702970   0.0000414168  -0.0000353951  -0.0000308790   0.0000300029
        0.0000244806  -0.0000446573   0.0000320925  -0.0000419680  -0.0000163593
        0.0000163143  -0.0000261969   0.0000075819  -0.0000000621  -0.0452518933
       -0.2378731388   0.0335365866   0.0178923069  -0.0227816153   0.0127421801
       -0.0051580297  -0.0078827508   0.0024121696   0.0400345616   0.2881744328
       -0.0466154935  -0.0059911595  -0.0207746633  -0.0000204868
       -0.0000484740  -0.0000079307  -0.0000324336   0.0000019197   0.0000089227
        0.0000737389  -0.0006924414   0.0000895174  -0.0001724486   0.0002554718
        0.0001712018  -0.0000570268   0.0002162465  -0.0000524556   0.0001157723
        0.0000607255  -0.0000005110   0.0000744411  -0.0006397233  -0.0012100311
       -0.0010959514  -0.0001900414  -0.0000988104  -0.0003239150   0.0000343234
       -0.0000270875   0.0000226351   0.0000148140   0.0000074271   0.0000097788
        0.0004868611   0.0014090155   0.0010275215   0.0000492110  -0.0001264504
        0.0000724809   0.0001343257  -0.0000339769   0.0000338519  -0.0000111368
       -0.0000120792   0.0000381294   0.0000371240   0.0000208736  -0.0000551191
        0.0000088456  -0.0000065801   0.0000030799   0.0000206707   0.0000244492
       -0.0000080849  -0.0000780547  -0.0000210273   0.0000339779   0.0101722851
        0.0330752970  -0.0498576956  -0.0073742267   0.0193038561  -0.0048577842
        0.0087717317   0.0211252332  -0.0049567831  -0.0051101907  -0.0466154935
        0.0572029021  -0.0061202670  -0.0270233600   0.0027089324
       -0.0002482518   0.0002342202  -0.0000595702   0.0000402363   0.0000232078
       -0.0000041753   0.0000179154   0.0001256262  -0.0004296007  -0.0000255133
        0.0001440013   0.0001544254  -0.0000219538  -0.0000705215   0.0000723280
        0.0000268144   0.0000340196   0.0000026963   0.0000278953  -0.0000205221
        0.0001187979  -0.0001287778  -0.0003398414  -0.0012328624   0.0000128670
       -0.0000078637  -0.0000127802   0.0000129387  -0.0000011707   0.0000177329
       -0.0041722680   0.0016123027  -0.0015455185   0.0000440138  -0.0000738700
        0.0000355013   0.0000808643  -0.0000627823   0.0000146726  -0.0000181951
       -0.0000301001  -0.0000200126  -0.0000041863   0.0000166505  -0.0000040559
       -0.0000462343  -0.0000101765  -0.0001116641   0.0000089572   0.0000003605
        0.0000246817  -0.0000093631  -0.0000371768  -0.0000810845  -0.0433797898
       -0.0151953100  -0.0202044464  -0.0092472231  -0.0093667228  -0.0290004674
        0.0022044379   0.0121937742   0.0218595125  -0.0000906542  -0.0059911595
       -0.0061202670   0.0549154702   0.0168230544   0.0365261568
        0.0001087917  -0.0001246646   0.0000936640  -0.0000160282   0.0000161569
       -0.0000450026   0.0000271796  -0.0000208753   0.0000344771  -0.0000970619
       -0.0001189915   0.0001231962  -0.0000100242   0.0001549499  -0.0000606087
        0.0000034217  -0.0000027272  -0.0000342549  -0.0000168332   0.0002576386
        0.0001786476   0.0002172504   0.0000977586   0.0006262858  -0.0000071652
        0.0000221004  -0.0000199834  -0.0000174078   0.0000007597   0.0000020950
        0.0021952666  -0.0003331990   0.0013598999  -0.0000238410   0.0000609051
       -0.0000160469  -0.0000738931   0.0000254665  -0.0000237466   0.0000243911
        0.0000233887   0.0000321867  -0.0000218715  -0.0000123718   0.0000414824
        0.0000046057   0.0000157165   0.0000451528  -0.0000065856  -0.0000107998
       -0.0000101203   0.0000534544  -0.0000134061   0.0000150871  -0.0172431796
       -0.1042306104  -0.1055560646   0.0019898512   0.0071492093   0.0116246664
        0.0003139706   0.0015267521   0.0020353407  -0.0042273459  -0.0207746633
       -0.0270233600   0.0168230544   0.1162915066   0.1165770064
       -0.0001664732   0.0001877980   0.0000228239   0.0000646940   0.0000200664
        0.0000149466   0.0000336564   0.0001354185  -0.0001417885  -0.0002374615
        0.0000999498   0.0006458034   0.0000157563  -0.0000168661   0.0001362660
       -0.0000077130   0.0000342013  -0.0000367791   0.0000444326   0.0001325960
       -0.0000565852  -0.0002754060  -0.0003871854  -0.0007505209  -0.0000038913
       -0.0000075764  -0.0000324298  -0.0000124292   0.0000114362   0.0000206855
       -0.0039478972   0.0012218062  -0.0005572566   0.0000289308  -0.0000257232
       -0.0000186916  -0.0000253692  -0.0000052467  -0.0000071993  -0.0000275833
       -0.0000356238  -0.0000183992   0.0000160374   0.0000249699   0.0000354756
       -0.0000625150   0.0000175347  -0.0000954040   0.0000252063  -0.0000106966
        0.0000386975   0.0000215730   0.0000266036   0.0000120172  -0.0241974572
       -0.1019170890  -0.2118659652  -0.0094661398  -0.0042120143  -0.0211095425
        0.0006614943  -0.0118508786  -0.0201484110   0.0009923980  -0.0000204868
        0.0027089324   0.0365261568   0.1165770064   0.2512033247
