           1           2   1.0092576229542711     
           2           5   1.0093261765778880     
           3           5   1.0068550860652137     
           3           6  0.97595929811026494     
           3           7  0.97552065854135761     
           1           8   1.0077207438992926     
           2           9  0.97690904678782120     
           2          10  0.97651669040154576     
           3          11  0.98787221991988883     
           4          11  0.96037265960104934     
           8          11  0.99099796704711896     
           8          12  0.97658328941491102     
           8          13  0.97455604133126195     
           5          14  0.97668373257123908     
           5          15  0.97805366747850164     
           1          16  0.97619776234992839     
           1          17  0.97787784009143897     
          11          20  0.95975204482174892     
          19          20  0.99692424802140334     
          19          21  0.97766177852857572     
          19          22  0.97663774076432230     
          19          23  0.97873679937130198     
